3
3
7
95
44
10
78
38
42
84
23
45
57
52
54
30
96
91
50
29
53
63
54
91
90
92
53
63
74
0
21
77
30
48
97
50
61
90
17
6
10
61
16
21
99
59
48
14
60
92
13
85
66
9
40
93
94
99
63
12
47
34
89
68
27
87
73
31
50
66
97
68
67
6
38
26
69
0
26
34
83
47
46
64
82
75
1
27
71
93
29
72
83
53
90
98
66
39
65
95
42
28
9
80
42
77
28
45
84
26
51
42
13
28
56
36
47
96
23
46
35
45
41
51
76
83
38
69
1
64
46
55
79
50
31
23
94
10
34
90
76
80
41
12
74
65
47
89
4
54
28
92
6
20
70
78
81
55
85
72
83
86
51
53
88
53
98
40
11
3
82
40
77
75
32
3
57
23
78
74
31
10
69
77
24
1
56
43
88
36
92
68
72
15
77
40
25
73
59
54
86
18
56
57
6
75
49
15
9
77
66
43
23
10
37
98
63
35
69
32
42
58
9
0
22
49
12
3
8
24
90
40
27
87
60
83
42
47
11
14
25
0
82
9
56
58
64
2
71
51
36
94
88
64
58
0
62
66
91
61
48
56
33
67
6
10
95
4
59
82
92
61
92
66
69
33
86
33
34
17
62
33
70
41
72
86
76
75
58
55
83
62
63
0
9
49
80
32
39
16
94
87
29
7
58
94
19
48
99
29
22
83
82
43
20
44
58
47
93
76
12
27
88
74
34
70
63
15
30
7
53
86
83
32
25
79
21
6
58
97
84
45
1
97
11
97
19
49
23
20
20
3
11
84
55
0
95
53
16
25
1
61
85
85
26
68
29
54
12
41
97
17
55
10
50
26
91
84
46
99
51
14
69
30
86
56
57
84
35
4
91
82
31
61
52
83
12
2
10
18
64
17
28
9
58
43
68
23
9
69
90
2
12
52
41
58
73
83
59
0
84
66
91
12
93
83
27
78
98
14
34
10
79
67
56
10
42
93
45
35
28
72
48
26
96
95
5
86
74
7
89
14
19
69
8
56
7
71
12
33
26
12
82
8
71
78
62
72
25
65
67
0
96
27
86
52
26
59
27
73
89
19
8
62
34
42
94
82
65
32
22
33
5
34
22
67
2
24
66
25
51
41
2
88
88
49
78
29
53
65
81
11
93
64
35
83
38
82
4
57
85
94
32
38
10
60
96
2
34
57
22
45
82
0
98
89
22
16
19
7
15
4
91
16
16
34
60
94
32
81
33
63
66
52
46
13
28
58
93
20
26
34
63
4
46
76
52
33
0
10
17
74
50
71
81
91
12
43
93
14
55
50
4
33
91
5
71
98
17
85
66
63
39
71
21
49
45
86
70
47
2
67
6
96
23
51
44
68
58
96
31
26
3
40
93
8
85
63
47
7
39
99
26
53
82
58
43
15
62
57
95
28
66
93
9
10
35
89
32
39
60
22
67
14
39
48
62
71
23
61
57
63
3
6
73
52
28
42
92
89
20
29
88
79
62
62
83
61
66
27
63
64
53
17
83
21
30
21
67
84
15
53
99
85
73
20
53
39
31
23
60
84
5
48
33
5
40
17
72
15
17
6
65
48
79
80
91
1
42
8
7
11
98
31
94
64
58
15
3
54
13
2
96
62
90
73
89
80
29
57
35
1
41
74
56
55
39
38
69
57
64
45
87
3
74
88
91
93
19
41
29
11
72
43
6
86
41
30
66
67
6
4
1
88
73
85
95
14
58
4
21
30
23
98
72
78
24
9
43
90
92
94
14
9
81
19
74
84
45
75
3
49
53
74
26
69
1
46
55
19
10
56
32
40
49
65
58
0
57
55
62
66
56
43
44
32
53
11
19
61
66
89
30
94
69
50
2
38
64
18
48
29
22
12
39
92
21
21
2
8
24
56
12
94
97
93
66
70
55
53
34
64
31
61
19
26
4
41
54
0
15
44
4
65
60
79
62
35
43
36
97
13
28
92
55
43
35
29
59
1
6
14
58
65
96
19
79
66
67
76
97
54
5
37
87
92
88
74
87
36
13
90
3
31
99
77
83
39
52
50
9
61
77
40
28
27
23
96
35
34
77
45
20
88
93
96
62
63
7
49
33
49
20
97
87
42
6
77
62
11
47
75
29
9
92
59
47
5
63
56
73
43
16
96
86
74
44
56
96
67
74
7
6
3
9
84
7
54
70
47
99
4
53
64
49
2
56
85
92
74
34
38
96
10
18
47
56
73
54
85
35
66
30
77
36
75
35
83
6
27
