85
44
39
5
44
41
58
59
32
25
15
20
81
2
54
46
58
90
17
92
91
52
56
53
72
53
82
7
83
9
26
22
66
83
47
83
63
51
86
26
61
51
3
89
12
98
97
61
76
82
61
18
25
11
71
29
55
10
98
22
40
36
66
50
36
83
94
45
59
24
32
13
39
85
74
53
92
33
84
18
76
51
70
21
9
59
77
99
19
14
40
99
83
81
84
50
87
46
75
54
60
51
23
2
84
97
73
15
66
89
32
93
13
74
99
11
39
20
47
60
56
25
93
46
58
84
91
92
48
99
26
24
98
60
44
9
14
14
24
98
84
93
20
43
48
7
74
78
14
86
46
9
22
33
99
63
63
18
12
69
57
0
90
57
68
69
23
29
17
1
74
0
38
76
26
32
94
89
11
5
78
58
77
86
56
1
22
91
4
74
52
19
41
23
70
89
40
21
67
0
59
65
33
20
70
48
83
54
76
72
74
34
1
96
11
60
87
29
24
11
51
99
5
30
5
89
36
93
34
12
80
64
48
83
64
61
76
32
60
13
95
24
2
70
12
55
60
27
93
38
81
66
85
65
72
48
67
45
20
60
33
2
11
42
77
55
30
31
47
2
17
11
50
90
9
99
49
75
8
46
59
59
96
74
76
76
52
47
54
0
89
13
52
67
47
83
0
14
67
61
1
44
12
12
84
98
89
60
74
59
13
17
17
57
43
91
95
85
43
61
12
64
53
71
15
62
52
18
94
60
59
57
25
94
63
32
56
84
43
38
87
6
59
22
87
29
7
87
5
89
16
48
57
18
20
23
80
13
56
21
89
28
88
12
7
27
95
54
28
78
0
56
41
33
6
91
2
4
23
45
52
68
59
0
1
66
68
87
52
66
91
91
8
79
27
19
42
27
5
36
25
4
58
15
62
52
4
4
44
56
45
28
53
78
49
84
30
89
68
34
99
70
72
48
75
95
92
44
19
20
91
18
3
73
60
58
50
17
21
55
34
79
20
10
82
69
93
60
66
9
90
55
1
60
60
80
36
54
59
12
2
74
30
64
50
30
20
18
85
73
64
37
16
37
88
46
15
47
69
69
75
69
40
89
65
64
67
76
57
45
48
87
96
64
57
47
74
16
54
94
88
81
21
13
10
63
47
41
48
97
50
61
83
94
70
74
88
54
19
56
54
15
40
52
25
93
31
77
51
26
72
68
8
86
45
94
6
90
34
29
1
90
28
60
67
4
46
29
12
24
72
49
84
12
43
2
18
39
26
2
9
21
62
49
65
19
98
14
7
7
76
24
32
61
84
80
86
40
27
36
78
11
1
23
60
41
93
78
59
4
68
5
85
58
48
54
24
37
66
68
0
18
93
10
4
87
30
35
96
5
8
2
88
11
36
88
87
49
30
63
37
13
4
99
21
58
82
41
15
3
73
48
54
87
12
87
18
11
64
95
16
86
44
18
72
90
83
87
62
63
69
70
70
75
76
15
88
99
89
78
36
4
91
37
40
69
72
21
56
65
97
96
23
47
55
13
80
99
20
25
48
3
45
95
7
95
52
48
0
32
33
17
54
33
13
31
45
85
24
14
86
55
73
35
47
8
27
38
33
57
32
80
4
30
35
21
57
12
62
7
13
52
49
45
9
40
23
82
40
51
54
58
7
94
6
75
22
45
96
93
95
96
94
51
96
11
12
17
37
63
1
45
69
30
56
40
36
67
66
61
66
12
62
81
86
74
78
12
20
32
17
97
64
88
56
25
67
86
96
59
73
76
64
65
62
6
45
6
40
24
41
12
14
93
50
0
34
86
68
80
3
77
92
81
53
85
37
94
46
42
69
79
52
44
28
34
55
97
90
33
15
84
88
23
2
68
31
29
45
9
22
46
57
73
9
61
66
56
25
95
65
11
5
90
34
44
94
3
69
42
80
67
10
0
62
1
70
58
32
88
73
99
10
16
84
24
76
93
90
28
94
77
0
69
13
21
28
37
29
66
20
75
19
97
83
33
30
28
86
42
6
22
83
27
12
74
90
19
32
54
33
0
87
0
93
14
40
9
80
9
25
30
5
98
48
85
66
79
7
96
46
11
9
79
21
55
22
84
92
16
45
9
51
70
79
25
62
90
42
33
72
30
4
31
26
61
7
63
76
40
2
1
45
0
2
5
39
88
85
97
11
76
98
75
57
37
1
39
45
5
23
18
70
71
8
89
2
81
69
90
81
96
93
26
33
88
10
78
59
90
78
42
55
83
81
75
98
75
58
94
