79
56
2
69
78
58
93
16
23
96
64
78
45
88
20
5
86
75
3
90
57
67
33
19
43
69
60
58
99
93
25
29
62
72
41
76
75
69
25
60
77
46
61
6
37
9
94
58
85
90
76
67
51
28
37
74
81
9
98
4
34
87
6
93
35
46
84
10
49
91
54
38
58
30
29
7
71
86
62
66
29
56
72
6
7
53
62
95
9
97
42
73
71
9
27
34
95
85
33
89
48
79
92
28
31
25
49
29
53
9
81
20
23
35
97
14
58
90
35
59
73
51
35
0
48
59
77
34
52
72
8
55
20
46
22
87
33
23
47
51
56
97
33
44
6
37
49
9
84
81
81
13
59
16
84
4
2
53
56
68
25
60
9
37
7
78
84
96
28
71
15
37
66
44
81
36
63
92
79
43
72
66
88
29
80
9
61
75
68
3
46
38
5
27
99
86
9
81
97
29
97
82
17
10
17
39
58
18
73
30
23
39
57
85
62
33
61
21
61
84
5
13
39
12
79
9
56
66
76
33
41
47
76
60
12
34
44
23
13
2
54
38
90
10
55
25
33
57
70
94
21
7
92
52
47
82
30
27
48
28
31
5
81
4
89
99
53
64
66
88
1
18
48
54
35
59
60
78
36
19
52
23
62
40
27
31
78
44
80
88
9
54
24
63
20
21
0
93
72
4
48
2
63
38
65
73
6
15
17
30
35
19
65
65
25
94
12
10
97
61
13
80
95
57
98
96
72
36
34
1
54
40
7
41
31
92
19
0
33
65
99
95
99
93
64
27
42
35
46
98
25
12
90
60
97
10
88
39
40
82
99
16
48
99
44
89
22
46
80
95
52
45
11
77
30
42
59
88
94
74
33
65
54
22
33
92
60
27
25
14
88
67
13
32
7
10
71
25
26
14
4
93
25
16
40
6
45
58
9
51
98
30
10
65
70
63
12
7
59
12
83
62
4
10
33
58
99
11
65
23
48
47
54
13
34
48
19
26
44
29
94
5
28
74
56
66
87
73
92
93
81
5
72
47
28
4
67
52
2
73
65
40
21
42
84
82
94
59
27
90
72
61
70
55
3
48
58
23
27
77
51
58
21
31
87
28
96
29
46
4
82
35
56
93
43
1
33
23
19
32
6
31
7
46
17
79
66
48
87
37
82
36
81
52
6
50
37
58
17
70
81
98
47
38
41
17
32
19
77
62
72
42
66
78
77
94
20
37
4
59
80
9
16
84
86
37
76
52
13
36
14
63
22
52
22
0
55
10
41
45
94
52
40
86
58
11
22
9
49
91
65
98
19
91
88
60
71
27
45
41
60
39
74
25
5
91
13
54
44
61
32
47
8
53
94
37
68
75
23
38
93
51
49
66
51
80
53
98
34
16
1
13
94
21
0
72
55
91
6
84
52
94
37
86
40
22
20
17
57
45
63
27
17
11
94
61
48
17
66
13
46
14
99
32
96
83
56
1
18
55
37
28
11
74
32
1
17
62
72
17
5
45
82
45
4
68
9
47
95
92
12
37
68
27
35
98
37
65
52
50
30
47
47
61
45
21
16
89
54
97
77
37
53
78
4
80
57
20
2
3
27
59
53
3
31
82
81
57
94
53
7
65
78
2
18
46
20
4
54
73
21
2
20
73
27
98
26
88
51
25
90
32
87
45
36
11
38
71
18
14
98
70
69
18
49
45
89
82
94
80
63
24
35
47
58
92
12
63
11
45
92
17
30
95
87
11
38
45
33
94
57
18
52
45
26
78
55
58
75
4
78
87
33
46
9
53
7
29
72
37
24
3
40
87
7
57
30
69
32
28
62
54
60
92
86
58
41
25
42
42
90
90
18
2
8
39
56
25
38
97
53
44
8
94
93
67
33
26
78
97
97
68
40
8
91
59
98
28
7
95
17
77
32
26
83
70
76
18
87
42
14
36
86
60
70
28
99
4
10
7
96
62
65
37
19
50
1
16
10
99
96
58
3
42
0
52
75
76
32
20
46
3
24
79
90
65
62
36
90
59
45
20
70
96
79
83
67
94
88
61
59
12
5
76
64
45
45
55
34
78
52
83
43
57
5
45
55
62
7
97
89
28
60
70
37
87
52
89
89
43
36
22
90
84
74
86
59
1
18
10
13
41
3
89
13
66
75
18
91
90
25
21
17
70
21
80
95
3
91
21
67
18
62
91
58
2
6
56
96
41
57
72
47
98
97
11
98
91
45
31
9
4
8
41
15
71
65
36
23
55
52
48
50
70
15
52
51
41
14
60
