42
51
39
79
66
30
9
70
97
75
32
74
42
75
24
80
74
84
40
96
93
31
48
84
7
21
16
44
36
41
30
88
15
5
24
25
24
69
69
24
43
93
19
52
63
65
30
19
28
80
39
54
3
45
88
14
35
27
27
13
88
17
64
88
24
43
80
45
89
44
99
26
48
51
59
5
75
52
72
2
57
93
28
58
3
0
94
82
64
24
83
70
52
26
78
96
51
19
2
78
65
42
65
85
58
93
75
73
9
24
51
3
97
87
83
53
4
64
76
4
53
93
38
2
70
39
40
64
82
13
36
5
53
71
38
58
55
71
92
90
4
49
43
34
74
32
93
74
97
68
84
92
76
96
33
23
95
43
89
78
38
16
7
22
69
34
52
18
24
74
58
76
34
29
5
70
26
64
82
4
65
3
23
62
39
9
52
27
2
50
4
61
92
99
34
47
97
96
2
58
76
70
3
18
44
51
47
26
47
56
75
5
4
14
48
2
16
2
8
23
40
92
87
14
66
20
92
64
33
95
39
76
34
93
49
27
75
1
53
39
2
63
93
99
73
91
12
80
42
49
89
5
46
12
59
26
31
0
53
93
59
17
29
28
40
32
79
79
15
34
0
2
96
11
92
10
22
79
8
30
84
50
41
69
9
95
44
7
89
4
39
49
45
85
69
33
92
26
1
94
70
70
74
29
42
25
56
8
46
2
53
85
89
51
58
81
39
27
10
26
76
72
23
66
94
77
39
6
32
11
36
58
43
57
71
9
40
26
25
73
38
15
41
6
14
30
78
44
25
13
53
53
35
85
21
85
22
12
67
58
59
8
26
66
55
53
60
18
26
0
78
99
2
68
8
72
51
11
1
31
20
54
43
25
7
45
80
91
59
59
99
2
26
88
42
35
50
70
17
2
21
31
18
24
10
68
30
5
84
7
34
19
96
97
31
94
94
66
93
71
37
60
41
15
15
86
71
79
83
84
80
80
48
88
99
6
79
9
91
45
17
57
25
91
50
91
72
87
28
33
47
89
1
39
26
39
20
78
76
59
47
60
86
75
53
50
60
89
84
35
53
58
75
49
78
0
68
9
70
6
66
52
31
65
27
78
79
43
46
8
23
25
2
92
15
51
8
22
6
57
78
0
98
76
43
39
41
95
43
52
69
93
53
7
75
36
51
28
34
93
10
34
49
33
41
6
70
85
3
99
54
10
57
93
20
75
4
32
99
20
56
73
43
47
77
38
97
29
66
87
21
96
44
74
87
18
61
66
3
98
67
86
19
32
25
39
94
18
81
72
92
97
35
30
19
50
8
95
44
43
8
45
35
57
88
42
3
74
5
41
88
26
92
62
3
12
98
50
6
26
29
95
39
41
93
30
31
7
54
10
83
40
24
18
65
47
17
68
47
53
29
78
57
41
78
95
41
9
42
65
55
73
68
14
42
50
96
68
64
51
63
30
4
2
97
10
18
32
64
63
46
24
94
55
52
20
88
74
48
88
89
62
73
14
83
47
5
15
85
0
4
67
99
97
30
24
57
62
47
71
82
15
84
58
88
28
85
34
65
78
33
20
44
18
0
12
83
35
13
97
38
54
22
72
60
20
60
14
7
64
72
11
75
26
83
75
64
47
73
97
70
3
29
50
38
62
53
91
60
90
79
58
72
21
28
48
70
12
70
63
80
70
48
15
64
30
28
53
42
90
58
96
42
62
95
63
51
62
76
54
99
53
23
49
64
19
10
87
49
62
98
29
7
36
53
15
53
88
45
86
9
92
14
92
61
26
34
78
62
10
98
51
23
81
74
7
56
55
24
50
65
96
68
54
62
62
53
39
24
85
25
7
74
59
17
43
51
94
37
23
22
67
78
14
38
7
85
43
86
91
64
31
27
55
68
35
4
50
29
2
61
49
40
77
48
76
0
49
16
91
59
29
9
24
59
37
37
29
15
21
9
22
85
96
71
44
26
9
40
80
40
37
25
25
80
79
96
62
64
26
15
1
95
50
52
31
60
60
99
16
25
52
63
17
46
65
88
58
11
6
50
77
27
80
89
95
44
34
66
92
80
63
18
5
55
49
49
41
91
58
90
3
72
17
36
75
45
27
48
41
28
1
63
50
92
90
94
12
21
38
37
69
85
71
17
11
65
35
34
66
70
74
56
34
63
73
46
38
96
64
94
33
2
66
97
88
90
11
49
51
18
32
79
20
16
2
79
70
87
91
88
61
18
47
60
67
26
55
83
6
81
76
40
11
73
38
30
78
89
69
