16
21
46
61
2
2
92
5
80
23
89
82
26
49
13
64
94
71
92
9
26
4
97
19
93
18
68
22
34
61
85
91
21
8
98
13
65
95
17
27
74
48
12
48
86
51
39
38
70
28
80
1
41
49
37
44
38
78
33
10
79
7
14
11
87
52
20
95
48
81
71
62
60
75
84
89
36
1
60
52
45
43
41
27
50
17
19
80
63
36
21
40
17
10
78
90
38
33
17
80
94
44
37
59
26
29
15
22
19
93
69
75
36
22
1
18
66
49
15
69
1
23
94
79
3
58
40
82
42
16
22
15
72
94
2
22
79
52
70
42
2
86
58
17
72
2
84
94
91
32
74
47
47
10
16
75
43
72
2
79
91
35
28
6
8
62
96
45
23
22
41
94
25
97
18
67
65
52
77
18
93
20
59
22
10
38
75
41
96
2
86
43
34
74
59
24
93
0
4
59
89
71
48
96
39
11
82
88
74
66
98
60
99
82
11
31
34
93
73
37
91
11
7
56
65
51
24
17
16
49
51
54
53
6
67
29
17
50
69
97
74
30
89
53
27
66
81
13
67
10
65
44
7
35
63
38
35
8
65
63
85
86
20
93
24
51
74
50
31
56
71
19
6
98
10
65
43
97
47
88
3
60
71
79
83
16
43
24
2
1
21
68
1
90
24
48
62
97
7
44
62
16
97
16
83
4
11
15
73
81
79
84
83
30
37
71
36
74
9
29
30
1
93
73
46
32
57
77
4
71
32
30
69
42
26
19
79
1
22
73
57
76
17
48
59
30
41
20
40
56
87
12
98
20
10
12
25
0
96
51
99
63
89
8
82
86
2
99
2
98
75
76
24
47
75
58
28
90
22
70
71
34
12
92
73
77
62
31
82
4
34
9
35
23
20
63
99
97
36
45
21
36
55
33
52
6
48
47
45
58
23
35
66
33
24
47
97
10
53
48
2
32
49
30
57
69
30
57
49
68
82
35
87
86
86
77
99
56
1
35
16
59
97
73
83
57
49
1
36
10
36
55
98
33
42
85
60
88
41
84
66
34
1
15
27
8
91
9
40
63
75
42
62
97
65
74
84
43
49
70
61
44
59
98
34
60
57
11
1
29
81
6
79
72
16
63
64
73
31
23
23
13
49
57
74
65
61
73
78
61
61
20
46
3
83
66
67
86
11
45
92
91
44
41
23
65
46
4
55
98
29
50
34
63
37
81
78
28
77
21
1
93
81
20
74
87
98
96
7
10
10
81
62
54
24
54
28
47
33
20
0
47
90
30
95
78
68
31
15
58
42
55
97
24
83
80
27
91
76
5
32
74
17
38
47
90
41
2
82
34
94
14
35
85
5
74
95
68
6
71
69
5
12
33
45
21
60
71
12
49
12
20
18
32
73
38
36
64
32
90
48
68
7
1
52
27
54
81
5
72
45
40
42
68
75
40
34
64
9
18
72
29
49
75
57
71
28
59
99
71
69
55
2
43
57
97
98
34
87
24
80
19
17
94
57
42
10
71
97
97
57
43
59
95
8
73
75
65
88
99
99
52
73
44
25
90
92
53
2
18
43
87
67
98
43
26
11
94
74
30
96
17
66
74
30
80
24
30
87
19
80
68
23
13
79
46
78
0
95
59
49
52
60
71
17
2
30
91
48
0
75
53
36
43
15
87
98
51
33
64
30
25
5
40
3
20
72
40
30
24
76
57
24
24
30
62
90
7
21
29
97
81
41
71
65
10
97
1
22
9
18
4
38
22
46
43
54
65
13
43
50
83
11
65
86
0
42
94
94
7
0
96
93
63
46
45
96
83
23
18
1
55
1
25
65
59
77
92
33
99
49
88
79
71
36
70
58
44
61
99
38
73
54
38
77
97
75
45
72
4
85
14
2
11
39
55
25
97
78
64
62
49
43
82
74
17
62
25
42
90
23
36
14
41
54
65
95
7
91
92
17
10
80
48
52
47
4
35
23
26
32
55
43
46
94
66
48
41
41
17
96
3
67
29
85
69
35
18
76
65
49
42
96
49
69
51
64
97
26
34
62
83
16
93
25
98
81
36
0
85
76
38
18
63
15
89
14
66
44
41
56
62
99
84
46
9
91
67
60
97
21
78
98
77
50
47
63
74
81
87
88
10
35
38
43
77
27
86
97
31
4
39
19
58
11
30
64
80
8
51
18
76
43
41
81
43
63
85
34
5
7
9
38
65
94
97
56
35
64
10
72
26
81
97
42
50
7
39
57
87
19
31
21
57
69
81
88
81
9
50
