5
96
64
82
35
8
6
20
2
86
86
4
12
48
50
35
8
61
37
38
52
49
89
62
36
89
78
93
47
21
6
52
40
83
45
94
11
90
15
45
8
11
97
50
77
16
47
1
26
36
18
0
55
53
76
79
17
6
36
25
25
19
28
27
36
15
41
90
27
93
48
36
22
6
23
90
47
87
62
4
92
19
20
84
21
92
25
77
84
53
53
1
91
67
11
3
25
82
10
30
53
90
8
58
34
47
53
66
46
1
16
84
50
97
3
81
40
68
15
88
7
66
80
10
31
67
64
38
95
3
81
16
30
61
68
7
52
54
59
85
64
85
11
42
17
73
16
97
2
38
21
29
47
5
29
15
40
71
28
23
37
5
59
50
20
96
72
35
55
48
3
8
84
85
88
19
62
12
52
76
38
57
81
93
57
23
9
23
73
20
0
45
57
15
35
69
4
36
76
88
42
55
94
26
71
51
0
95
27
20
45
93
98
63
0
52
17
69
1
41
51
54
42
47
82
12
45
83
60
22
97
76
88
64
65
55
50
87
91
42
87
68
75
91
17
40
20
92
96
94
55
50
33
96
87
11
8
79
79
92
29
13
22
4
99
97
6
23
42
62
87
12
66
76
65
86
16
80
43
3
23
49
30
37
78
77
68
42
43
70
28
21
36
69
67
7
50
34
77
69
35
36
31
45
35
71
74
6
36
99
31
32
12
94
7
42
11
44
26
53
29
47
73
51
24
52
4
67
86
87
95
80
8
99
23
18
12
18
79
65
24
72
45
43
42
71
3
73
29
86
18
69
26
78
99
17
92
70
7
72
31
8
51
2
61
17
48
33
62
82
94
8
65
6
93
43
88
71
28
8
85
43
36
19
48
59
62
25
39
7
14
65
27
72
93
40
45
46
65
21
35
99
21
8
56
23
40
15
36
45
0
2
2
29
67
30
7
30
45
52
77
18
20
55
21
39
73
59
35
12
88
73
45
1
39
61
86
49
87
94
93
55
73
51
70
2
88
86
63
17
56
25
42
14
47
95
13
87
20
41
53
34
85
43
35
19
76
91
24
99
4
28
90
36
13
48
35
60
39
58
28
90
32
84
38
43
83
36
72
46
91
93
67
6
53
9
68
69
39
9
7
39
16
12
57
43
17
92
72
25
19
12
91
13
54
92
38
88
96
33
60
94
23
37
76
24
77
5
33
63
86
37
2
70
75
22
39
35
85
49
68
8
87
25
78
87
77
55
36
48
76
3
84
33
28
89
61
84
88
35
54
85
21
68
78
29
51
30
90
77
5
68
91
2
49
68
93
69
6
36
83
73
65
32
55
11
61
81
26
61
65
8
65
87
16
28
60
51
42
56
67
75
21
64
10
72
61
96
19
64
30
97
26
62
75
81
81
41
82
18
78
23
57
81
77
52
95
99
20
20
16
99
25
98
93
72
83
98
49
42
82
39
84
54
40
80
1
22
15
6
39
10
95
84
5
87
27
70
13
10
63
54
85
41
2
50
73
19
58
94
62
45
60
72
41
77
69
95
21
38
98
39
32
96
18
70
3
21
60
41
99
64
16
56
29
33
1
66
11
29
72
6
12
50
12
64
22
79
13
99
56
3
45
76
89
69
85
42
16
38
65
67
40
8
50
44
56
30
78
29
85
31
45
8
98
38
13
18
65
43
51
78
4
90
43
97
96
72
44
9
79
89
36
54
22
15
1
84
11
1
87
72
61
81
96
24
47
5
73
17
41
94
79
0
8
16
47
49
26
46
99
22
36
63
63
44
55
16
1
6
31
27
57
30
98
8
63
42
39
70
41
43
72
19
85
73
28
10
92
23
64
98
87
40
84
21
43
60
54
87
31
61
23
49
19
94
9
79
54
35
96
19
4
15
35
62
29
44
52
84
28
72
86
85
3
7
12
67
35
38
63
50
21
53
44
81
86
87
66
30
72
40
35
32
24
92
30
7
90
18
6
20
74
92
1
80
70
0
35
42
38
79
14
51
83
3
51
87
25
35
2
61
54
48
13
78
79
35
2
29
2
10
37
54
67
98
61
99
77
37
46
66
62
18
49
36
18
27
51
28
5
48
83
9
53
4
8
73
58
12
94
12
12
72
79
17
36
27
37
25
81
14
60
21
58
28
88
98
36
98
30
53
73
77
5
35
95
98
31
88
52
58
21
79
11
89
35
13
81
55
40
81
18
30
94
71
11
18
38
67
16
74
94
31
33
24
76
97
74
55
63
22
17
72
43
94
21
74
78
52
