73
13
80
9
48
27
29
25
81
4
54
79
98
72
32
99
53
69
65
97
45
4
10
25
96
39
51
10
80
14
0
57
41
97
62
15
49
22
91
95
84
81
21
43
55
72
6
66
37
13
5
52
11
49
2
62
13
88
27
92
94
51
70
78
34
67
76
17
92
87
59
90
78
19
26
97
17
2
76
78
37
21
18
74
48
90
78
46
14
64
24
61
34
87
86
41
42
32
14
50
75
64
11
14
91
88
40
43
64
24
82
15
59
65
78
28
74
79
18
88
54
62
40
11
58
3
12
30
83
13
78
70
76
90
50
99
33
74
57
54
57
21
72
29
7
0
62
54
97
37
34
90
92
15
7
8
75
25
73
82
12
65
76
82
30
26
45
57
8
42
1
87
14
83
26
52
20
11
38
7
30
32
93
92
39
45
59
98
9
39
89
38
0
16
41
68
11
91
13
88
76
38
28
6
26
69
56
31
35
68
97
66
43
26
59
23
89
90
50
71
24
48
98
8
25
14
49
66
49
25
30
76
30
10
37
98
81
8
58
14
80
35
88
90
78
20
9
20
54
88
32
8
60
54
12
0
55
58
7
85
11
53
53
79
97
92
46
84
63
43
98
88
55
95
93
68
75
80
30
70
67
1
21
44
75
82
71
3
92
72
32
32
74
4
61
36
11
69
13
89
97
20
35
5
42
36
9
35
62
33
69
60
65
67
29
11
63
66
67
3
51
58
37
83
89
31
35
7
72
60
67
21
61
39
11
50
47
96
15
83
80
44
8
50
38
55
36
82
47
69
20
48
4
54
5
6
44
68
30
98
78
49
4
89
36
99
60
74
22
78
84
50
45
85
27
98
50
81
93
85
74
57
76
60
87
96
29
80
44
37
34
11
42
41
12
21
96
70
6
5
12
43
17
68
29
83
44
39
21
44
85
12
13
80
6
28
33
20
18
3
59
31
65
89
60
83
72
2
99
37
66
57
44
2
53
91
59
49
71
54
27
21
87
39
82
14
40
83
4
66
99
43
4
50
46
92
33
68
15
62
23
35
2
31
13
45
77
50
5
0
23
22
54
4
92
17
67
98
47
84
80
21
31
95
33
42
76
33
80
48
89
1
79
53
7
34
53
30
78
34
25
95
90
39
31
42
30
46
45
28
2
75
24
58
57
21
80
64
88
29
73
97
38
5
58
85
95
38
51
47
42
39
20
6
86
18
91
0
53
42
4
54
69
10
10
14
19
85
58
30
30
82
92
51
97
83
45
79
73
48
84
37
31
32
95
3
61
98
97
74
40
54
92
63
15
65
19
23
55
48
81
50
48
56
50
55
6
30
97
48
59
27
4
89
2
83
74
93
33
5
55
88
86
96
20
6
67
66
6
73
25
55
2
93
89
16
17
91
73
11
71
97
53
38
79
75
96
56
93
99
70
54
4
95
52
36
36
1
3
60
82
87
29
79
65
8
9
5
51
35
82
51
80
6
40
0
63
86
26
61
66
5
6
80
32
21
32
89
11
34
54
35
1
10
64
75
77
31
27
67
16
93
5
58
41
59
31
22
28
72
34
5
74
21
3
87
65
21
19
92
2
96
25
61
79
95
38
81
11
63
84
47
67
14
13
17
42
25
79
76
50
71
6
79
27
37
87
94
93
89
2
69
99
32
75
57
9
93
54
47
97
53
1
64
20
42
64
82
78
37
54
62
38
45
30
67
45
38
71
32
41
50
30
12
20
63
40
85
75
66
71
64
33
48
54
47
88
59
37
24
20
85
19
45
43
82
55
43
90
51
6
45
17
64
8
88
43
23
10
61
65
34
16
11
56
78
65
74
13
5
33
10
69
77
26
49
0
24
17
28
85
4
59
13
24
40
68
59
3
64
75
76
61
54
5
14
83
21
30
22
44
49
57
34
50
41
57
19
59
79
89
63
0
34
75
13
72
95
89
7
52
79
31
24
10
80
89
38
37
46
56
89
77
79
11
35
76
9
6
96
28
41
19
24
56
77
26
32
89
11
44
36
22
50
75
3
4
94
91
70
8
82
65
40
57
1
62
28
26
70
61
17
15
9
37
59
62
67
83
29
1
42
24
13
7
29
23
6
12
79
45
54
72
77
64
41
50
87
49
58
96
65
92
6
54
96
0
86
83
86
96
35
42
46
5
10
89
0
42
30
72
10
99
33
95
53
37
46
62
0
41
47
87
94
70
2
93
4
16
45
43
28
34
92
79
37
59
34
41
36
18
13
47
82
97
57
98
34
61
24
