81
39
0
83
75
64
68
35
11
45
94
80
82
46
55
80
4
74
83
96
7
5
79
38
44
87
80
62
3
81
29
39
21
44
80
4
40
96
84
1
43
55
41
27
24
72
36
56
46
58
69
73
54
60
87
13
5
66
12
40
60
93
88
21
26
5
21
96
50
70
8
34
81
23
15
32
66
88
39
93
89
6
11
86
12
35
77
84
68
58
81
55
42
41
64
60
28
60
41
78
84
46
76
74
61
77
24
38
2
30
89
46
48
38
76
59
62
70
90
12
40
72
49
70
10
67
65
26
68
83
47
59
45
93
8
10
56
38
22
6
53
22
2
86
19
86
46
41
38
79
95
25
95
34
79
86
16
89
28
51
88
15
76
13
92
83
40
88
94
77
80
4
84
74
10
75
53
50
90
98
27
55
56
85
68
45
66
0
84
2
46
56
96
39
37
59
24
94
34
64
92
7
8
5
90
38
38
18
78
84
33
94
23
43
79
77
39
58
52
31
55
32
53
52
39
27
1
3
60
68
33
89
87
56
3
94
16
54
84
5
56
10
48
9
60
66
99
19
36
65
70
45
96
98
47
54
37
48
43
48
38
5
27
50
6
58
80
20
45
31
9
98
33
97
80
49
75
15
32
52
44
83
19
91
96
86
12
73
83
86
6
60
7
15
19
44
37
75
28
55
14
17
45
19
13
10
30
44
76
45
44
82
22
48
84
9
84
73
58
77
18
23
13
62
23
87
68
42
76
86
98
22
68
13
31
72
61
20
15
92
38
42
28
40
1
72
61
77
90
68
12
18
30
57
46
86
82
10
60
73
31
38
91
93
32
2
91
53
78
49
67
82
92
48
90
28
95
80
99
88
56
92
61
48
79
30
62
48
18
60
51
2
42
58
94
96
64
57
45
91
74
71
46
59
70
19
7
73
25
72
7
83
14
24
12
43
69
66
2
79
83
12
99
30
96
28
51
72
85
54
60
16
59
96
80
7
14
36
36
87
0
94
18
97
90
87
1
14
81
97
1
97
57
39
73
17
98
17
95
86
32
76
42
59
57
11
67
41
5
56
8
28
77
20
50
5
3
46
13
9
85
21
43
10
44
31
29
78
72
15
27
19
9
91
30
52
43
23
41
24
70
95
79
74
73
37
10
0
10
92
62
95
10
19
10
35
91
39
99
79
16
93
18
0
9
52
91
79
48
65
60
40
97
54
13
11
24
56
30
87
39
71
38
98
74
83
11
94
89
80
50
15
42
23
36
50
60
18
1
57
13
23
46
58
6
12
42
2
8
94
25
91
68
22
16
6
94
75
19
54
85
22
37
24
87
24
86
37
97
14
60
16
72
95
44
58
31
83
29
55
15
9
23
27
49
37
63
42
71
51
28
79
0
19
49
17
41
32
5
23
20
7
23
11
28
34
7
44
66
39
76
10
5
29
10
68
50
26
17
86
57
23
46
54
28
80
42
50
88
87
86
16
59
35
46
89
77
97
64
67
33
57
45
93
77
17
78
84
53
66
18
13
85
73
72
88
81
62
25
77
15
58
90
1
84
71
79
71
15
38
61
2
1
31
65
97
65
75
75
18
81
44
48
75
20
87
2
96
19
3
85
2
33
22
9
37
1
2
28
71
28
51
69
62
68
82
80
50
93
3
35
89
21
14
24
79
12
4
58
28
3
49
34
54
4
12
88
99
36
2
88
86
41
15
23
51
74
50
77
33
0
0
74
36
2
23
6
87
69
80
83
54
11
72
60
84
1
38
1
21
14
11
34
13
4
20
7
92
41
78
38
99
99
63
75
86
44
5
89
3
57
79
88
18
21
22
51
53
25
70
30
23
78
40
36
76
57
36
20
81
92
79
23
56
21
9
27
37
7
58
7
96
42
56
99
29
40
44
30
26
44
97
34
17
20
83
9
41
19
93
49
89
39
9
33
36
88
76
26
70
32
38
41
1
35
14
58
66
91
83
40
21
89
42
85
32
19
13
83
18
89
16
12
91
94
45
71
57
41
60
91
44
58
77
38
16
47
44
95
19
36
65
62
10
46
7
74
72
8
4
32
42
1
99
2
53
71
16
41
94
33
65
96
6
78
74
50
73
41
72
69
82
24
37
47
19
10
55
85
59
92
74
54
68
82
68
71
96
6
85
73
33
4
81
4
4
69
15
69
67
91
55
82
60
63
99
66
82
16
50
96
66
57
89
5
35
10
68
70
25
87
73
42
72
34
81
65
50
4
28
14
77
89
98
22
93
83
81
48
85
