38
94
79
18
71
62
96
62
44
97
60
43
85
14
6
38
42
67
11
27
64
52
14
62
76
73
87
34
86
13
73
20
54
13
33
19
10
43
55
35
77
94
73
64
54
41
83
7
91
54
25
41
4
54
82
41
84
66
97
82
46
78
52
18
10
56
48
44
28
69
76
15
99
68
22
42
6
51
62
50
16
82
7
37
99
42
72
87
4
82
51
89
8
57
98
14
43
85
99
32
27
51
46
44
34
27
41
98
49
77
56
40
43
55
91
66
60
62
11
36
80
42
5
3
86
85
29
9
71
32
97
53
33
17
8
88
38
99
28
93
44
50
48
0
91
83
59
27
20
83
32
39
16
62
37
3
92
73
90
62
99
92
98
94
5
21
12
28
26
20
44
71
23
15
65
18
20
94
62
30
9
50
21
20
97
48
8
36
67
42
37
7
34
95
2
34
77
92
95
27
6
13
56
8
74
12
37
81
76
18
42
40
97
86
83
80
18
31
70
34
88
34
31
81
90
71
39
13
82
46
64
47
20
91
98
4
59
67
17
12
42
2
53
84
20
62
68
22
49
6
0
49
47
18
99
13
24
60
10
28
44
50
94
25
46
61
8
75
15
84
47
72
36
45
95
62
27
5
80
64
28
43
31
17
84
95
18
96
21
33
48
43
7
12
29
6
43
17
89
14
64
72
15
67
41
64
7
67
43
29
44
75
81
37
49
33
88
46
15
95
31
74
12
97
69
37
11
67
50
39
76
80
12
28
22
25
64
7
53
91
81
6
78
72
25
65
53
9
83
4
50
23
28
52
11
10
48
29
90
37
97
34
70
40
33
77
83
9
73
42
36
62
68
40
65
2
14
87
93
73
16
21
12
39
31
96
25
83
5
14
81
37
31
44
29
76
87
87
42
85
31
1
47
77
1
32
64
75
44
8
30
42
50
63
90
96
74
58
1
94
69
12
87
13
29
96
8
68
18
48
29
6
27
38
75
52
95
83
91
68
84
71
14
32
29
95
36
2
94
48
87
50
74
77
71
27
12
11
16
2
21
59
66
50
27
12
64
32
24
37
11
10
15
58
12
0
23
94
56
15
37
15
56
63
80
34
18
9
62
98
80
13
72
3
57
66
65
77
3
46
56
5
25
62
97
80
23
65
80
84
84
4
58
76
28
88
98
20
24
5
79
59
14
79
17
90
36
63
41
51
27
50
11
80
1
63
84
55
58
47
43
13
79
23
97
1
10
1
43
24
54
67
58
94
11
29
84
66
91
34
15
91
60
21
67
52
55
29
91
89
18
84
95
1
62
83
81
75
96
27
93
15
88
78
40
11
60
44
70
77
74
1
67
61
12
37
13
59
90
34
57
49
32
30
43
16
95
14
77
72
10
63
82
53
97
10
58
53
24
90
0
61
68
40
7
24
62
82
0
50
40
64
77
92
91
87
74
1
78
13
92
99
63
35
32
48
21
81
97
10
13
80
78
85
40
43
75
29
20
28
80
57
55
67
43
31
40
1
42
3
93
99
57
89
75
76
57
83
83
3
17
75
47
94
32
75
76
3
48
61
99
74
83
48
9
3
37
21
35
59
51
67
53
49
55
14
39
15
14
67
62
27
24
27
15
2
60
57
52
35
59
60
48
57
2
55
43
46
28
37
1
21
22
14
48
20
6
16
54
58
45
63
91
85
82
55
17
73
87
69
87
98
76
43
28
30
12
85
38
39
65
92
8
39
87
45
48
65
82
76
67
49
14
14
84
47
83
32
90
59
44
56
97
32
36
97
37
6
38
65
29
77
64
52
39
33
99
44
3
30
22
41
73
19
24
54
35
14
92
67
41
60
57
60
96
43
82
86
53
75
58
40
65
6
41
71
2
28
80
37
52
40
14
96
79
87
96
80
24
2
58
28
10
80
92
35
62
4
96
27
91
22
83
25
96
20
64
12
69
74
59
95
54
58
7
4
27
8
39
50
49
50
72
62
18
74
9
33
22
40
96
16
61
15
12
7
85
70
72
93
6
75
77
70
44
80
70
24
49
63
60
95
99
73
68
60
98
96
50
45
9
80
39
97
75
82
0
93
33
34
93
54
40
64
53
62
47
41
32
0
14
12
69
75
80
59
81
67
83
33
90
47
26
40
61
33
16
6
50
78
92
83
15
18
95
79
25
77
4
72
26
15
20
32
9
62
17
17
17
47
36
25
98
91
48
38
92
90
35
10
61
69
34
14
27
28
18
20
85
31
24
42
8
5
60
64
56
59
10
31
