20
59
63
17
52
75
63
84
84
22
81
47
85
75
35
29
25
81
21
60
48
17
84
96
78
50
86
20
58
80
26
78
8
34
73
58
49
78
16
24
1
23
6
76
47
63
30
31
16
1
69
69
50
76
20
27
53
36
89
42
45
49
20
21
56
74
11
27
93
35
44
32
34
47
90
82
21
81
70
18
80
0
96
43
85
38
11
90
89
51
42
68
82
40
67
1
66
38
32
52
20
94
90
33
83
50
85
88
40
61
90
74
20
34
70
28
74
57
7
76
55
35
40
38
51
40
21
64
62
7
92
42
90
45
91
41
10
24
11
34
90
30
95
88
89
26
83
21
31
50
96
7
49
88
81
37
84
61
36
35
20
15
23
42
74
57
25
96
29
38
5
11
29
33
37
25
41
12
51
11
8
74
48
27
47
18
93
59
18
84
57
64
86
12
65
13
77
34
60
96
61
43
52
51
57
70
57
11
35
81
93
90
24
23
82
46
66
72
62
25
57
88
56
42
42
61
39
88
76
60
85
23
78
94
57
99
20
74
52
80
65
71
88
1
55
92
80
47
12
69
65
87
38
18
98
88
39
79
17
93
63
27
15
66
56
62
37
44
97
78
23
57
42
78
48
27
51
23
83
0
45
13
49
18
51
15
26
62
89
72
65
83
65
32
84
61
48
86
45
62
71
67
97
61
12
37
54
6
95
5
51
47
60
82
0
26
40
9
14
33
13
86
49
40
92
88
30
42
44
64
80
57
82
44
67
79
11
81
5
92
63
12
64
24
29
57
16
31
96
7
12
24
61
75
29
94
83
16
51
71
38
84
98
30
56
70
1
83
5
59
74
34
25
1
13
97
73
25
98
18
15
41
89
33
74
54
20
40
36
85
60
9
69
21
82
8
29
5
81
3
59
20
15
52
70
73
80
47
77
3
84
64
59
6
77
96
24
31
64
61
23
71
41
61
9
15
91
75
80
82
65
92
67
66
20
0
97
67
2
75
31
67
96
31
97
49
5
32
68
25
62
86
29
85
97
69
99
40
79
99
9
39
37
80
86
37
32
94
54
31
95
98
11
31
55
66
31
17
93
77
40
10
86
13
25
29
99
88
22
19
63
4
36
83
0
39
10
30
52
12
90
20
21
25
71
39
71
96
57
93
87
77
78
48
89
31
16
33
53
7
78
83
12
77
93
66
37
5
24
25
86
54
65
24
41
92
41
33
79
28
50
31
50
87
42
42
54
2
53
48
71
49
62
48
57
0
25
31
63
7
86
93
48
35
97
73
30
48
14
9
77
55
57
76
89
8
18
85
82
51
12
52
74
94
20
70
95
27
57
77
31
76
19
80
31
21
79
78
89
84
29
95
96
59
35
50
74
73
21
38
81
73
10
84
24
55
18
67
44
74
32
75
90
18
10
14
89
78
64
90
29
29
65
84
79
68
86
31
91
95
44
89
60
47
0
37
51
42
4
30
28
75
91
6
40
25
77
65
63
84
93
70
6
95
16
24
71
17
45
46
65
83
75
28
42
70
16
30
70
37
44
12
86
60
37
54
94
37
10
65
65
72
82
65
53
41
31
14
96
43
12
87
14
64
44
18
77
86
62
80
36
47
71
88
89
32
78
49
27
60
37
43
38
68
82
28
3
53
21
61
75
31
30
65
52
12
92
42
14
43
72
62
46
30
50
11
59
74
78
76
19
75
34
10
18
11
84
33
44
34
91
9
55
59
35
8
34
98
0
26
53
45
43
5
10
42
33
15
75
88
58
85
39
94
39
90
23
34
83
0
4
66
91
91
79
40
97
65
58
20
41
90
37
47
77
17
51
44
3
64
26
70
75
44
74
6
84
31
63
32
88
47
83
91
53
15
16
49
78
97
4
33
51
83
30
65
12
46
26
77
82
63
78
99
78
53
98
28
50
80
69
14
86
26
2
53
19
98
94
18
8
74
3
75
31
82
7
2
27
62
54
61
55
4
20
0
17
76
29
41
25
48
11
72
44
27
9
33
44
44
43
78
55
21
78
74
14
42
77
17
58
32
83
15
38
44
64
94
18
84
88
73
68
27
14
28
88
28
5
28
84
96
35
71
33
79
45
67
22
60
15
96
98
52
39
60
22
43
81
66
8
32
77
0
83
62
22
69
97
97
55
55
59
66
31
35
43
28
88
61
75
69
19
99
86
71
20
57
85
56
47
24
46
34
97
41
30
93
4
79
87
89
3
85
28
92
42
40
18
70
60
51
62
66
11
85
38
1
39
23
