59
24
49
49
63
68
65
8
2
45
72
30
25
2
13
50
61
79
17
9
51
87
30
17
30
22
87
89
98
67
66
58
77
39
88
31
30
67
22
86
72
40
99
58
8
46
23
39
6
2
88
33
90
9
80
9
26
72
29
73
60
85
24
38
57
43
63
44
39
57
74
4
27
64
2
78
66
83
71
52
44
56
43
83
53
14
26
73
36
12
16
41
79
89
21
92
64
67
75
57
56
16
69
89
26
68
1
53
3
44
6
31
49
3
2
56
10
37
6
72
39
4
67
54
14
14
81
18
75
79
4
53
68
40
77
23
76
54
41
14
79
85
35
75
11
19
5
7
26
45
97
80
41
62
99
13
0
52
58
68
26
33
66
38
65
16
20
29
67
4
93
88
69
89
13
43
36
24
27
18
34
10
96
75
73
91
45
19
61
49
24
46
21
84
32
76
98
14
4
57
89
97
35
76
30
5
27
26
93
70
86
98
22
82
74
80
86
49
29
23
42
91
3
73
30
19
43
96
26
96
20
22
38
26
45
38
68
87
49
7
5
41
2
47
97
70
76
45
11
52
45
94
11
57
28
38
50
55
48
81
71
82
79
31
49
40
45
7
93
62
93
56
23
85
15
72
47
41
29
66
76
20
92
33
20
22
45
81
69
76
68
47
66
86
91
82
56
4
23
32
77
63
96
82
13
10
52
54
26
77
56
68
34
76
83
33
14
99
86
47
10
6
96
12
7
24
82
34
51
29
7
47
93
69
82
24
66
22
14
69
75
45
64
71
5
70
50
36
86
21
20
36
43
29
93
83
41
20
81
69
47
73
49
75
28
81
87
74
26
3
16
32
87
62
76
78
20
79
47
14
99
84
27
19
24
5
65
12
3
57
52
50
66
53
26
36
65
60
21
42
36
77
78
50
73
6
39
29
50
3
69
47
15
21
66
78
2
88
5
13
59
56
78
54
83
93
5
89
80
34
89
45
63
98
17
81
25
61
31
28
9
96
43
22
72
21
57
74
39
20
24
5
15
56
12
66
37
50
15
55
13
55
73
40
35
90
21
89
38
37
68
90
41
30
80
93
31
12
29
40
31
6
68
74
73
75
9
65
24
69
19
57
74
65
44
46
66
60
96
75
10
63
40
28
51
80
96
52
97
24
53
63
78
83
4
83
31
64
36
96
48
50
57
3
4
45
0
57
71
26
85
99
35
77
49
29
81
76
7
7
58
72
30
21
78
27
36
24
37
4
3
9
84
77
22
60
75
39
43
35
56
72
80
35
16
74
85
0
41
75
19
74
20
57
30
83
73
40
26
90
51
12
11
34
96
69
14
84
12
63
61
60
50
52
22
10
16
90
26
75
18
79
66
11
17
56
72
22
27
43
27
87
58
52
77
60
95
90
84
27
82
98
80
22
1
25
82
48
98
5
13
93
47
91
28
63
45
49
13
4
87
24
0
18
49
5
14
98
64
64
58
71
83
93
17
96
54
1
63
56
75
31
85
90
16
50
4
14
63
55
61
73
49
38
84
13
79
44
82
64
83
84
94
35
91
90
11
43
73
33
71
1
32
45
41
79
72
79
67
37
57
7
91
14
59
74
41
95
7
45
28
60
95
28
36
16
88
14
35
63
49
42
42
34
48
95
80
36
19
15
99
70
48
95
37
26
48
2
56
87
14
42
82
20
0
7
62
54
31
83
42
47
43
41
73
83
96
11
35
82
51
9
73
37
43
79
68
43
71
7
58
83
87
43
64
80
95
12
89
99
99
23
87
66
15
37
70
80
34
29
27
49
7
65
40
46
12
84
51
46
65
1
58
46
86
97
63
22
5
26
11
99
8
67
66
56
95
95
78
2
42
35
36
45
63
74
61
71
23
0
86
92
87
15
57
36
73
70
68
36
71
11
18
18
5
87
15
31
71
78
26
38
10
62
7
74
65
15
40
52
81
78
42
59
47
74
57
31
59
86
47
30
19
93
68
83
95
69
46
83
51
20
68
46
13
77
57
74
48
96
0
80
25
12
63
82
45
85
39
20
72
38
87
36
49
29
76
27
99
37
49
41
90
84
59
94
48
86
71
18
13
12
33
17
85
42
1
60
6
68
53
78
94
38
98
15
32
42
94
38
52
11
43
2
16
43
13
36
40
49
45
56
71
49
36
24
0
65
78
99
47
99
81
38
31
39
44
96
59
48
92
10
93
21
81
57
82
82
76
49
14
19
12
94
42
35
41
75
48
62
89
49
36
59
32
44
23
11
77
17
