44
65
85
32
39
2
67
81
64
52
31
97
76
71
39
33
68
26
38
45
49
9
15
4
53
19
5
83
36
21
1
96
22
65
66
38
3
77
67
55
71
96
85
11
65
36
45
92
17
61
0
58
5
78
7
54
16
44
83
97
27
15
10
4
21
67
59
21
47
2
4
39
50
48
28
11
12
96
29
19
65
16
75
88
85
43
4
27
14
55
83
4
93
96
92
98
1
7
2
55
81
53
89
3
92
0
68
17
37
1
40
59
71
84
61
19
14
92
27
40
72
9
39
28
89
84
15
9
66
72
90
36
7
53
86
45
11
75
65
37
26
45
85
10
70
41
77
96
30
14
17
42
71
83
82
12
30
59
28
41
81
36
6
62
59
48
97
57
88
5
58
60
29
80
21
34
87
23
1
71
94
43
9
96
63
14
84
98
96
17
30
7
70
28
51
82
68
25
1
68
48
40
41
39
24
62
27
64
37
5
72
37
75
64
64
84
61
48
68
1
27
64
87
62
53
9
90
29
92
3
13
59
99
50
29
0
66
64
88
49
85
91
92
74
20
54
34
85
21
21
62
71
65
92
65
66
56
37
62
8
44
93
13
41
92
82
87
3
16
17
39
60
53
35
1
32
12
67
86
85
22
58
27
83
18
34
42
46
18
48
96
68
36
66
70
77
80
35
59
35
88
93
74
39
37
69
89
5
31
14
86
32
43
17
63
53
4
85
37
67
18
44
20
68
59
87
24
51
52
99
26
24
24
82
80
54
39
35
91
3
91
2
19
98
5
54
80
99
66
69
83
67
13
81
74
80
86
68
6
14
91
76
38
34
10
62
50
49
34
60
55
82
56
2
20
23
88
63
58
19
91
86
44
68
96
66
57
57
87
54
95
62
3
89
98
60
3
7
22
5
84
93
44
35
92
89
92
85
78
46
68
71
13
58
67
85
96
77
91
14
80
95
26
81
21
78
42
92
70
92
19
14
59
74
1
26
72
31
46
21
80
84
81
26
34
75
87
82
44
97
60
41
79
58
86
56
10
92
42
90
38
51
76
80
0
50
8
42
18
11
84
38
69
49
90
92
67
91
58
76
96
82
64
38
62
63
0
86
69
5
68
92
19
72
76
47
78
56
81
0
40
90
61
0
43
12
53
47
58
79
98
8
82
78
31
40
75
63
40
49
56
52
70
62
57
25
50
94
65
37
45
64
97
43
76
84
55
75
95
26
14
76
16
53
90
6
38
27
36
6
97
13
60
27
5
38
3
54
84
52
26
26
41
90
28
31
90
94
71
90
42
69
5
88
9
60
32
91
59
98
51
92
1
45
23
26
95
90
11
18
19
88
60
9
81
98
45
67
4
49
79
32
86
25
49
51
87
2
56
83
77
4
86
76
26
37
81
80
40
47
56
30
89
93
78
18
93
81
92
29
64
52
78
7
30
79
66
76
27
94
52
81
81
99
7
28
72
66
25
42
19
78
2
6
20
76
7
99
30
6
15
65
79
44
75
72
15
91
58
16
99
74
7
4
39
77
21
87
21
4
36
13
86
33
87
5
97
42
92
16
71
51
40
75
98
63
49
32
96
77
86
13
18
86
90
47
16
43
84
57
89
18
6
94
19
84
64
79
69
99
82
59
68
68
63
79
67
27
88
41
80
37
77
1
27
29
46
52
99
93
89
68
33
14
49
21
49
0
54
76
48
27
79
69
93
5
66
0
34
87
47
23
16
92
77
5
43
98
28
71
80
47
2
84
56
3
73
88
63
23
61
77
11
37
27
41
14
53
74
36
41
99
89
6
5
22
43
41
39
37
34
86
57
63
20
90
30
27
29
46
71
80
24
44
87
48
51
28
78
8
23
26
82
84
46
57
81
83
40
0
10
50
46
84
41
29
80
73
60
83
33
31
13
68
24
26
61
32
19
40
33
35
24
3
13
61
16
95
89
57
8
3
34
47
3
60
87
18
46
32
8
87
14
52
91
32
94
43
55
54
58
33
79
8
20
95
26
46
41
4
42
11
14
97
10
13
50
22
79
82
31
89
8
67
52
24
93
33
82
61
1
8
1
58
40
9
14
58
85
76
83
85
11
69
26
92
26
64
75
53
72
14
42
4
68
13
25
83
89
49
21
26
9
43
11
79
97
38
26
42
93
52
95
54
74
29
34
25
23
24
21
66
23
61
14
42
0
74
25
91
73
34
92
71
34
4
26
62
32
22
46
17
22
3
7
97
13
83
31
74
13
28
49
59
0
49
67
58
88
60
