88
62
51
39
66
38
64
72
93
77
78
56
46
22
11
41
10
14
82
11
95
33
45
48
24
22
95
23
57
28
61
48
57
80
84
93
85
18
28
71
6
71
2
36
61
40
64
61
78
51
12
61
95
8
49
47
46
33
83
3
21
32
73
22
27
77
39
86
69
76
26
19
39
91
4
9
96
15
80
27
66
68
11
1
33
45
21
23
57
97
60
15
62
51
71
70
24
50
80
72
35
5
27
7
93
40
25
56
17
74
69
91
2
83
5
22
4
72
98
9
52
88
63
19
89
35
72
65
55
59
34
50
93
22
23
40
32
18
80
51
67
88
61
32
6
8
44
44
80
0
62
65
88
51
26
8
85
28
55
57
8
84
69
71
74
58
97
93
53
44
6
46
23
24
90
3
98
2
54
40
43
51
88
23
90
46
95
9
30
25
9
82
5
26
5
30
85
38
19
68
71
27
22
82
6
69
17
26
71
60
56
25
68
84
47
3
61
64
19
78
73
78
37
78
63
14
28
88
32
15
34
71
31
66
74
74
37
53
20
93
14
69
72
59
53
84
0
49
94
48
69
83
35
41
96
29
18
35
76
29
59
82
26
3
49
93
83
10
99
3
12
32
9
82
87
1
81
68
68
69
25
53
54
19
11
38
75
63
8
56
12
12
96
26
78
17
12
44
4
78
99
47
64
87
63
2
29
76
34
48
86
61
83
90
53
91
97
65
72
85
11
17
60
37
80
72
34
3
14
37
79
35
69
4
71
56
53
74
45
65
10
34
15
16
64
85
39
55
42
28
34
8
58
39
38
52
95
32
33
81
11
41
95
63
85
85
87
48
20
43
71
49
15
94
1
35
67
29
28
6
30
45
18
45
23
56
8
54
12
51
39
4
31
9
31
17
31
50
86
55
59
50
60
23
97
41
54
12
15
13
96
77
85
98
12
46
80
76
39
99
4
58
40
68
49
56
86
5
84
99
48
61
44
36
83
46
15
16
68
30
56
83
24
29
74
42
29
67
70
75
50
94
55
70
3
55
86
77
10
39
12
3
46
66
20
45
26
80
73
94
88
50
81
3
68
85
47
29
60
82
63
33
78
37
92
8
68
24
34
25
93
70
64
62
52
5
62
23
63
36
84
84
97
52
89
54
9
5
64
8
82
8
21
49
77
49
41
97
81
25
63
25
44
99
74
78
7
62
30
61
88
5
85
80
90
39
51
4
78
71
96
38
12
79
40
3
96
8
36
62
50
24
19
61
42
12
48
34
20
28
72
31
16
23
41
77
35
25
54
76
64
78
93
99
30
71
31
4
53
66
97
73
52
51
46
2
56
38
72
59
64
20
34
45
5
90
33
36
69
15
3
21
23
55
17
41
51
34
89
71
55
48
99
29
77
23
49
64
31
42
63
33
55
25
34
50
24
16
66
66
13
38
46
46
48
74
22
35
51
82
74
84
20
44
62
42
42
37
12
37
22
86
78
30
30
75
77
85
31
6
28
73
66
94
70
90
59
82
10
95
61
12
74
88
49
56
99
7
45
78
74
36
15
30
41
15
30
61
26
56
32
58
91
11
67
19
81
41
48
63
43
4
60
93
86
71
12
40
80
44
63
46
41
77
82
86
55
16
80
52
4
23
39
99
76
14
12
16
27
89
91
11
44
54
88
93
62
67
36
3
71
47
22
29
54
37
64
82
78
83
30
0
78
17
36
65
48
68
3
92
44
97
91
90
62
41
49
91
43
73
98
80
37
97
8
74
35
26
23
79
30
98
74
91
7
21
93
61
73
3
14
13
44
70
6
12
22
84
41
93
10
15
85
90
85
62
27
44
87
39
3
21
77
28
32
40
38
9
80
40
47
76
1
88
59
24
99
51
50
81
70
21
41
7
48
21
66
91
94
36
53
17
50
23
19
38
40
26
82
72
73
41
58
96
17
28
95
94
72
11
10
63
22
81
10
51
63
11
82
95
25
83
77
60
16
5
57
35
50
51
2
48
68
6
36
21
40
32
94
8
17
58
49
13
79
51
75
46
94
17
9
43
14
89
95
71
61
2
29
29
44
15
42
12
59
45
83
16
80
97
2
47
17
20
79
80
3
27
43
94
57
94
59
16
33
27
75
49
16
17
33
82
68
67
62
31
49
83
77
45
11
8
27
72
66
72
41
70
74
27
88
97
0
54
77
99
84
85
89
78
41
21
99
11
23
6
49
85
30
34
70
69
18
83
39
40
51
16
2
1
72
85
43
71
23
46
76
32
53
91
