1
19
67
46
19
19
10
21
37
8
71
96
8
37
81
88
23
83
75
1
22
9
13
27
74
27
9
90
69
25
65
6
27
32
3
11
13
70
64
21
94
94
27
74
71
80
62
82
22
21
59
86
4
34
20
89
48
71
89
68
46
30
80
21
22
78
37
19
99
25
10
11
25
64
17
40
79
29
35
5
63
73
68
14
79
69
97
39
93
53
89
43
45
62
17
68
69
36
49
70
45
26
95
54
58
99
29
15
68
56
40
30
15
49
95
96
3
94
72
29
40
73
14
56
21
77
99
26
53
24
95
41
74
32
20
69
49
37
28
41
5
21
36
51
66
2
0
12
37
96
96
83
38
27
0
64
14
88
17
2
18
43
13
46
46
13
10
98
98
59
97
79
21
5
72
82
30
68
75
68
74
95
57
19
18
32
88
0
59
57
29
80
44
33
40
1
96
34
52
39
98
8
66
80
24
58
54
8
44
92
70
93
71
33
20
62
57
98
89
86
22
27
80
72
42
60
0
5
58
0
2
72
38
16
38
4
25
46
12
48
92
89
29
66
44
68
99
43
7
9
17
42
42
65
72
84
81
20
46
3
8
11
82
18
77
3
58
75
26
0
44
46
58
14
23
40
4
32
25
58
66
83
54
8
82
28
5
64
84
82
36
7
66
99
97
59
73
14
35
82
21
44
84
98
40
0
72
90
44
28
20
4
25
8
8
32
40
66
55
89
8
5
37
93
96
31
78
48
6
43
26
27
0
24
88
61
94
63
43
83
98
11
92
99
64
70
6
97
60
72
97
37
96
6
64
56
9
98
70
98
99
64
29
88
26
81
69
40
31
53
45
15
11
3
26
50
98
75
83
64
85
89
55
1
27
81
59
36
18
1
9
39
55
18
2
49
74
44
75
56
81
24
85
75
91
92
11
19
84
8
64
23
75
71
13
9
2
87
86
87
80
88
19
46
34
65
67
27
23
68
37
1
99
51
81
5
40
60
11
92
0
54
2
24
63
35
47
91
15
56
8
91
57
50
47
97
41
57
74
75
49
45
21
67
54
15
91
6
64
41
48
53
73
58
72
68
23
55
81
94
98
67
29
87
32
76
93
84
55
89
51
43
91
24
95
53
66
68
28
32
36
59
50
4
73
44
51
79
35
48
20
55
4
95
40
14
72
70
43
35
42
0
97
76
49
70
50
89
60
73
70
80
37
20
13
50
66
17
66
53
77
96
14
98
72
55
1
14
87
86
20
88
1
42
16
62
69
93
71
57
21
68
28
17
68
60
74
92
20
26
62
42
0
82
33
91
40
75
69
75
72
33
29
42
49
8
82
62
36
29
98
30
93
99
82
5
60
8
15
78
89
50
63
38
15
22
46
91
68
42
46
89
52
32
98
40
93
71
10
20
18
86
35
94
56
73
54
87
46
91
19
6
58
99
36
16
35
38
12
49
43
91
16
45
40
59
88
84
75
40
62
82
82
70
76
6
54
85
65
3
44
82
5
6
48
34
33
65
54
73
37
8
87
67
24
31
22
35
95
99
94
70
52
29
67
9
87
40
68
4
51
72
75
87
99
83
0
95
20
54
2
64
16
89
56
41
84
73
95
67
48
81
66
93
98
89
15
84
58
34
4
55
42
19
34
46
0
46
47
55
72
41
48
2
90
87
47
73
12
96
84
11
44
63
20
68
71
89
83
19
36
83
72
0
70
12
47
27
90
12
22
10
16
90
51
69
19
59
60
95
22
59
15
45
22
14
28
85
36
17
63
69
25
12
96
62
29
24
8
96
0
55
43
91
67
1
78
66
45
44
59
94
3
10
20
90
81
73
79
28
48
38
60
59
96
63
17
34
28
87
30
6
57
46
51
5
79
63
58
74
12
17
47
29
40
38
90
97
19
87
21
35
51
9
97
74
84
73
27
14
43
30
80
55
25
10
15
36
73
61
57
87
96
6
89
18
66
16
35
71
0
3
94
73
34
67
57
99
99
11
35
74
39
59
3
16
48
27
13
35
0
73
77
88
30
12
25
66
57
19
56
41
16
99
18
75
38
1
8
27
72
14
97
86
21
84
68
31
42
67
89
67
55
22
19
76
29
93
37
85
77
39
47
18
12
62
53
55
63
42
50
38
8
4
38
43
36
70
87
51
88
78
47
45
70
25
56
49
1
6
63
47
7
94
95
83
92
72
87
34
68
91
64
18
51
80
12
79
66
62
79
41
46
2
89
66
75
50
9
7
29
12
49
78
6
25
32
77
78
93
