47
81
74
24
4
27
82
47
60
46
75
99
72
50
99
43
85
98
72
8
83
27
77
71
42
87
62
49
20
12
53
63
48
8
29
73
66
94
78
24
28
15
45
13
95
74
17
64
69
76
45
23
71
7
73
43
73
22
44
31
1
8
37
62
47
6
50
31
61
75
2
2
36
55
23
77
65
78
86
82
1
97
27
21
30
94
37
29
72
24
84
5
83
62
33
22
70
75
73
76
62
22
78
12
11
10
49
74
70
49
74
77
87
95
81
22
44
33
1
61
18
49
34
37
67
17
53
95
75
78
27
24
26
84
54
28
79
67
61
84
75
23
38
54
44
69
21
83
71
80
26
82
27
82
19
53
44
93
50
80
69
9
78
73
88
79
76
77
24
41
81
54
91
50
8
32
34
89
45
39
89
88
9
57
43
54
75
39
21
64
68
48
17
80
85
55
32
54
60
7
13
13
98
77
77
12
42
78
92
44
27
34
3
8
43
90
86
26
86
11
85
67
41
28
75
12
33
60
97
39
99
73
97
17
43
54
82
20
6
41
47
32
60
84
94
44
27
24
46
84
9
70
90
92
87
19
96
13
69
56
29
39
91
26
5
95
8
65
61
88
87
85
6
28
40
94
51
92
56
52
5
26
15
50
27
16
64
85
20
53
6
78
26
51
47
34
80
97
98
30
34
63
40
53
43
29
40
45
54
47
60
58
54
42
2
59
42
74
98
89
61
17
43
80
67
19
10
65
10
53
8
92
27
25
43
90
59
38
12
75
68
6
46
84
35
14
91
2
30
59
19
27
80
35
86
2
7
53
43
18
53
60
75
21
64
84
59
32
13
46
36
60
49
36
15
55
18
86
82
99
34
62
6
82
46
52
82
4
59
93
29
54
50
70
22
3
29
93
9
24
71
46
1
2
66
3
54
89
57
28
53
20
47
5
26
51
96
69
42
1
71
61
32
44
55
70
21
32
0
7
4
92
83
25
51
47
83
86
7
33
70
36
48
50
57
29
4
64
90
13
92
79
34
72
51
12
8
73
37
63
4
41
51
41
57
82
76
43
21
99
34
26
65
83
96
68
64
50
99
78
30
21
48
98
51
39
95
75
57
57
19
45
25
78
53
52
32
84
28
11
78
71
20
94
39
85
66
6
57
86
47
60
76
23
77
0
2
23
99
31
32
53
60
78
5
53
2
9
68
62
24
35
42
49
79
71
7
12
33
70
66
11
34
89
31
72
55
76
36
73
81
28
38
14
98
77
20
8
4
68
6
38
72
40
30
97
35
16
48
56
44
25
90
54
45
80
12
82
7
49
21
30
8
32
25
46
42
16
38
89
38
47
5
8
74
64
44
97
76
82
96
58
12
35
48
46
66
44
44
5
15
2
45
34
30
0
62
68
52
86
95
94
75
68
47
9
48
99
44
37
64
95
18
4
2
52
57
6
45
50
15
38
88
43
42
77
71
83
64
51
80
12
87
60
17
31
72
92
90
5
44
69
12
46
84
72
41
78
50
23
74
29
59
41
55
68
49
23
49
68
96
47
89
2
61
71
65
38
64
33
49
50
28
15
91
32
20
2
66
62
42
98
81
23
78
58
18
55
56
11
28
64
44
83
78
15
77
2
10
77
67
95
47
57
86
38
61
97
3
75
26
65
60
88
19
14
53
51
12
85
0
79
5
57
10
88
55
10
41
9
63
24
44
88
38
59
4
64
56
19
15
49
39
33
27
94
53
36
12
74
87
30
43
98
10
76
97
14
7
33
16
28
59
77
41
62
77
98
21
81
39
19
22
51
57
3
72
78
4
32
83
36
47
56
82
49
52
99
82
58
59
97
2
3
23
5
73
36
20
83
13
1
54
95
13
17
53
80
10
79
3
20
3
57
56
5
7
87
77
55
65
58
16
36
32
84
7
13
46
35
36
38
15
47
87
53
87
94
88
62
29
96
69
7
35
33
50
93
64
0
51
82
21
19
15
16
65
83
89
84
65
30
64
65
80
1
11
98
51
37
77
98
88
43
37
69
46
59
56
36
48
10
48
9
63
5
0
64
97
47
26
67
61
63
73
99
70
74
9
59
55
62
13
23
28
69
52
35
3
35
14
43
49
11
22
55
76
60
43
76
1
52
86
10
44
91
14
21
94
28
30
54
32
43
3
14
6
82
5
23
69
26
40
66
9
29
60
88
52
1
25
23
24
25
9
94
60
21
64
20
54
3
91
47
48
83
36
5
31
97
89
51
3
91
74
4
62
68
66
2
