1
89
51
57
91
8
9
27
80
66
92
62
75
55
93
8
34
92
65
85
20
58
84
52
9
75
17
69
17
97
88
39
42
10
59
12
91
19
5
70
56
82
10
83
64
93
4
61
47
9
74
43
99
59
17
63
10
8
32
52
41
52
4
52
26
62
48
59
68
19
36
44
67
62
64
46
33
97
6
96
17
73
63
17
8
22
97
0
14
8
71
96
60
96
45
78
96
26
34
0
77
63
7
46
14
49
24
84
69
38
10
18
64
52
37
2
37
9
67
85
13
61
19
59
27
62
6
16
35
0
13
81
70
6
35
91
51
75
30
97
50
25
41
60
54
13
70
77
57
60
5
6
42
96
31
25
20
60
86
35
40
54
16
40
33
91
71
45
12
86
93
2
85
27
79
7
69
53
0
39
17
98
7
72
0
96
33
6
90
88
54
43
71
6
76
74
71
12
50
47
89
13
14
86
86
84
16
96
32
21
72
92
12
65
57
60
80
4
47
75
24
53
62
74
87
24
41
53
81
69
73
49
44
63
24
16
71
11
70
70
48
18
21
7
20
46
44
43
17
64
92
63
70
12
66
75
45
47
31
60
60
60
81
19
59
85
7
40
77
3
58
62
84
76
55
51
59
3
16
41
41
91
66
47
51
66
45
98
15
89
13
51
45
82
48
88
59
96
81
93
32
17
9
17
3
93
98
43
66
36
75
92
37
58
39
73
81
47
4
81
2
70
66
9
5
17
23
85
1
77
2
69
41
84
65
39
83
94
64
47
83
32
82
10
11
28
87
7
69
99
64
62
40
19
99
79
63
69
94
56
91
24
81
91
86
31
56
6
58
88
12
2
8
38
90
64
40
72
82
30
7
28
19
70
3
62
70
76
16
95
36
27
84
52
43
22
75
87
72
40
97
12
93
82
91
33
29
44
57
13
27
47
69
65
17
21
4
85
65
52
61
98
19
54
30
79
58
31
26
67
68
63
76
45
87
64
14
56
72
19
64
34
76
59
2
86
4
52
99
53
21
46
36
79
79
47
80
85
60
49
91
32
44
82
26
32
5
6
80
3
85
84
77
27
95
26
26
69
27
28
96
34
55
1
85
64
14
73
91
52
88
36
58
16
59
0
31
29
30
36
30
14
69
21
37
90
0
67
40
21
79
75
59
57
64
72
82
30
94
53
35
45
27
52
77
74
93
19
75
34
15
44
16
12
13
67
32
31
2
61
29
92
60
74
97
94
12
73
67
19
82
94
88
94
29
6
54
12
1
80
24
38
53
61
52
31
4
42
14
48
78
84
49
68
95
74
22
48
46
45
66
70
8
60
98
55
98
5
16
11
29
58
72
45
25
89
29
77
51
29
30
87
21
14
64
84
98
9
46
71
82
39
95
29
5
88
36
1
33
93
25
34
88
46
28
95
47
96
33
36
77
5
21
87
41
24
14
93
18
48
23
5
33
16
1
50
54
85
2
14
94
22
68
95
31
11
3
39
2
78
57
67
97
50
95
5
16
95
17
1
65
71
55
36
86
71
94
15
0
73
55
84
39
23
65
46
90
11
98
64
60
56
38
17
60
41
63
89
86
72
77
0
73
89
70
81
91
86
56
6
16
62
88
99
35
40
74
76
55
52
7
81
15
61
64
94
71
6
25
29
39
66
37
79
33
93
95
55
4
3
29
60
68
24
24
56
9
55
13
51
49
44
26
82
0
43
54
59
20
8
79
89
12
94
74
90
65
52
58
7
82
28
32
43
25
42
80
57
66
59
74
20
47
10
61
22
32
25
53
35
56
4
94
94
20
17
45
42
41
14
52
59
49
86
0
91
77
1
96
39
63
56
49
39
82
2
92
3
58
9
23
51
90
91
98
26
27
66
74
12
43
89
28
43
20
99
27
49
3
59
37
81
32
88
26
87
43
16
42
59
55
52
86
63
24
27
11
83
49
40
53
82
24
88
8
31
73
66
31
52
16
39
51
48
30
98
67
50
31
30
49
37
84
4
88
16
96
19
86
38
63
58
22
67
91
65
1
41
7
1
30
71
95
4
23
76
63
78
12
95
76
53
54
80
23
10
40
9
85
26
37
63
20
51
86
15
44
7
95
37
12
12
4
27
47
15
60
47
56
25
74
31
31
83
69
65
15
16
18
41
43
94
5
72
99
88
79
39
79
68
68
95
57
45
1
40
43
32
70
3
42
72
38
98
99
31
78
89
63
26
34
1
92
63
11
22
9
67
57
19
95
10
40
26
26
38
71
27
87
14
