66
0
56
85
5
68
75
83
27
78
75
53
40
82
36
56
25
45
32
79
70
62
9
57
93
30
79
3
88
20
88
98
25
26
36
13
27
9
54
53
11
13
95
47
51
28
86
24
31
19
58
92
57
36
1
38
83
36
45
5
90
12
10
27
59
78
67
31
32
9
46
26
50
71
76
63
63
90
12
39
86
23
57
56
56
46
94
76
20
60
9
66
3
10
9
61
71
58
18
12
56
34
95
89
64
54
88
12
20
77
93
38
50
49
49
0
59
48
50
6
26
40
59
77
80
51
57
51
79
10
7
39
49
35
64
42
3
13
78
96
23
28
26
54
3
43
71
40
59
6
8
31
61
79
89
98
3
71
47
98
19
9
98
77
92
73
65
96
91
86
84
60
88
32
6
91
88
78
46
74
38
3
11
65
71
66
70
45
37
92
70
33
28
15
8
75
90
73
1
29
19
89
10
10
73
76
5
41
48
29
34
95
66
99
63
25
5
31
57
50
43
14
75
23
25
43
62
3
85
4
19
39
57
24
26
49
94
21
79
81
36
52
10
5
31
73
31
46
61
7
72
22
1
9
77
61
11
93
5
10
25
54
96
57
55
67
3
38
61
58
85
76
57
94
77
53
40
60
54
45
97
52
13
73
47
11
22
29
50
41
95
41
45
69
84
28
2
78
91
79
59
89
29
7
15
33
89
9
36
26
23
23
18
91
97
41
22
4
46
11
47
39
6
6
60
58
70
79
28
89
34
99
26
36
28
1
81
27
12
15
92
23
23
14
6
70
98
42
18
83
71
44
35
50
45
94
77
34
73
86
69
6
27
34
0
16
76
62
3
92
10
94
72
58
68
5
95
49
16
68
46
82
34
65
69
88
69
20
77
27
11
64
51
88
53
64
51
67
91
61
22
75
15
70
76
89
39
41
2
22
91
71
29
85
6
48
37
25
47
19
24
77
79
20
99
87
78
2
27
83
63
73
36
56
20
61
13
50
80
16
51
27
39
44
45
57
89
21
1
1
5
9
99
83
51
20
17
92
24
98
12
36
76
46
18
83
50
83
1
30
31
80
4
16
29
89
65
50
49
75
8
51
10
17
64
29
57
58
81
61
70
65
55
70
6
81
51
95
74
9
6
80
92
59
55
24
88
24
65
95
20
35
40
25
65
57
8
43
75
23
14
6
78
70
57
17
54
84
22
98
15
41
56
78
91
91
43
86
18
18
91
13
64
77
8
61
83
67
3
4
60
24
5
67
35
30
30
66
52
64
18
83
12
2
75
34
92
58
13
93
8
22
66
38
71
52
83
44
58
85
13
53
51
83
96
89
74
46
3
95
36
15
56
69
40
25
41
32
1
55
6
26
30
54
74
59
84
39
63
85
22
57
69
47
31
85
81
73
14
49
88
4
38
65
86
23
82
85
97
82
13
12
46
85
18
28
50
70
21
54
36
22
9
5
43
42
33
57
86
91
51
95
23
57
66
68
70
37
30
13
50
11
22
58
74
64
72
99
51
2
55
47
79
59
36
53
44
97
20
93
84
16
81
58
60
80
24
59
26
15
62
75
18
20
37
88
19
17
74
88
41
76
70
61
81
49
29
13
68
31
44
52
45
1
34
61
24
50
49
90
78
11
2
67
41
5
65
66
81
63
27
93
24
4
6
97
60
93
58
69
74
38
78
35
22
34
12
77
69
45
29
14
47
84
61
38
81
41
28
99
85
8
53
63
50
25
26
15
34
91
31
46
33
87
25
92
78
91
2
63
46
8
99
36
2
42
79
52
60
18
99
92
55
75
72
32
20
6
94
68
17
77
79
76
18
95
5
61
33
29
42
0
13
8
57
19
57
46
91
84
42
66
9
79
96
87
37
77
32
11
91
78
58
73
67
18
59
55
55
65
28
85
90
53
39
59
0
54
24
33
80
73
4
78
13
46
1
83
42
55
34
82
83
46
44
76
62
8
3
5
27
34
62
99
79
75
10
7
26
76
59
90
18
83
31
99
21
17
50
8
58
34
81
67
58
9
85
8
72
36
98
77
59
35
54
86
64
40
51
93
41
21
58
19
8
33
77
15
12
92
48
37
61
14
81
50
55
35
57
11
0
70
94
19
90
53
29
49
94
68
9
87
70
76
44
1
37
32
58
91
55
92
54
8
48
24
81
77
37
16
32
85
83
47
2
30
40
38
82
2
99
0
61
72
76
53
18
42
26
95
18
55
60
55
24
17
74
26
62
65
60
85
30
45
49
20
19
75
39
24
