2
64
63
67
50
62
98
87
27
82
3
70
3
60
27
66
62
46
26
40
94
27
62
6
49
53
96
32
24
95
27
92
66
94
82
67
19
26
34
37
95
4
20
79
80
35
93
81
65
55
34
94
79
41
74
47
67
57
86
2
5
80
50
39
94
30
56
99
26
99
85
65
10
57
9
16
56
18
69
94
12
2
23
56
89
24
79
78
37
45
18
67
40
79
90
17
45
82
69
25
52
66
29
80
89
24
5
46
25
32
72
3
65
63
90
47
67
74
95
19
95
7
67
21
85
98
12
98
89
78
16
70
29
28
54
71
71
38
0
60
92
19
5
74
79
60
77
12
0
77
49
98
10
86
1
26
93
48
23
78
38
79
70
41
77
19
81
14
43
16
29
17
4
93
34
98
1
72
2
27
36
92
58
12
69
77
67
23
32
26
44
66
91
80
24
62
92
96
2
93
11
68
66
58
79
83
67
34
51
3
78
56
97
2
71
3
55
23
80
86
70
4
88
45
61
23
85
28
10
59
40
15
39
78
3
94
96
97
98
39
74
10
95
60
55
19
30
39
85
61
23
5
35
84
5
66
3
90
57
20
10
1
26
48
56
36
84
47
14
51
26
45
88
40
37
6
2
79
77
70
88
16
17
37
8
50
56
20
32
33
57
53
93
79
13
5
61
37
1
58
64
67
82
37
14
33
0
66
57
38
31
23
46
90
89
32
96
87
37
42
44
81
13
39
56
93
19
28
39
38
31
74
74
13
60
70
3
58
42
32
81
97
65
35
60
16
80
38
98
50
46
17
67
82
8
13
73
22
2
19
87
15
55
63
60
45
95
63
33
34
35
7
47
13
4
2
0
60
24
27
71
9
93
95
15
5
69
27
82
76
8
77
57
60
60
76
3
53
87
6
48
97
86
25
62
57
38
40
40
73
4
31
98
36
52
81
95
59
45
25
60
73
16
74
53
47
2
4
28
58
35
1
26
38
37
36
0
79
96
0
82
20
83
35
99
65
80
54
74
85
25
17
41
34
77
51
86
98
98
95
29
67
93
26
8
63
87
54
41
78
88
71
51
82
82
53
7
22
48
11
50
29
2
7
69
43
23
77
75
45
15
25
80
14
86
90
55
26
18
68
48
87
38
37
23
75
80
62
59
45
27
90
27
87
35
48
66
90
89
88
6
36
85
95
53
53
26
8
90
22
68
31
66
25
61
3
74
22
23
62
68
77
21
4
5
53
39
92
6
81
23
22
31
57
23
37
77
91
17
60
29
74
94
76
64
96
95
54
96
66
92
90
91
55
9
43
77
42
80
52
2
43
35
75
5
61
61
36
36
26
87
31
78
43
77
3
20
25
81
16
42
86
93
42
80
26
52
5
58
93
30
49
43
2
22
23
55
28
88
91
22
26
43
34
20
81
91
56
65
68
19
76
88
63
21
68
60
83
89
92
24
92
22
74
2
8
16
36
2
71
94
9
80
54
48
31
43
72
36
12
16
92
62
56
85
80
63
9
98
63
79
4
52
52
86
56
58
0
99
38
51
69
82
14
17
15
35
44
15
3
5
28
16
12
2
72
42
22
79
26
87
49
52
85
22
88
28
54
77
92
24
83
70
14
34
48
51
69
93
63
68
93
82
33
9
51
25
26
20
94
47
26
86
6
93
28
59
32
48
14
43
67
87
70
1
79
25
15
34
44
71
71
35
0
76
68
16
97
20
56
33
25
28
45
76
29
38
82
52
10
4
58
77
55
39
46
34
18
79
3
62
96
98
66
33
6
79
69
26
77
87
45
63
90
85
45
52
23
38
54
62
25
10
62
55
18
33
61
78
25
99
50
5
35
90
44
84
68
76
38
17
15
43
45
37
36
88
14
6
11
11
53
72
2
68
27
93
98
70
52
79
57
19
90
8
27
85
22
88
22
11
76
84
77
51
90
77
26
64
82
3
88
16
27
80
4
27
92
90
97
2
79
43
30
28
75
40
76
72
96
58
98
33
87
77
71
1
80
36
1
70
45
78
4
46
23
54
3
77
10
68
87
58
31
4
66
77
20
18
63
30
63
75
4
83
8
81
52
43
81
94
97
87
84
57
99
7
97
87
15
92
99
52
31
66
1
93
80
47
46
69
6
85
47
17
93
65
12
75
2
95
35
15
65
10
26
6
25
17
64
40
76
16
11
0
38
72
95
26
66
54
53
50
2
34
12
98
40
58
77
13
93
62
13
70
59
91
72
46
18
42
84
50
4
57
40
52
23
44
54
