54
27
95
28
60
19
62
49
11
12
25
61
89
75
81
51
99
15
6
33
35
73
62
79
83
53
14
15
35
65
27
52
78
93
56
55
66
62
90
44
6
78
23
54
39
1
61
16
39
67
92
26
52
0
69
50
61
67
59
35
56
56
28
86
45
3
50
14
6
10
87
88
21
15
91
46
84
5
24
97
20
54
81
21
85
32
11
30
71
83
21
65
4
84
79
19
92
16
15
6
32
60
51
11
6
83
22
54
30
87
42
83
1
78
11
63
19
58
2
63
90
74
62
71
82
97
31
28
17
55
44
69
12
86
56
78
5
82
31
91
50
1
79
99
5
43
6
14
31
77
86
76
48
58
53
16
97
25
29
52
86
63
68
34
54
94
93
42
39
66
7
41
70
17
97
23
84
7
19
57
73
96
78
81
30
23
1
56
5
44
0
97
29
48
55
97
8
54
47
53
79
13
95
98
28
70
24
43
18
47
44
68
11
2
4
15
73
32
5
1
88
81
26
29
67
24
90
7
72
68
13
93
10
49
23
30
43
49
60
11
20
17
35
88
23
55
99
71
63
76
99
7
21
10
64
98
65
49
90
70
94
22
20
66
83
45
33
14
10
43
99
94
35
44
61
76
23
19
59
75
96
97
34
70
60
72
91
15
77
74
44
12
39
72
92
47
20
14
21
35
37
70
67
77
56
40
89
1
25
36
41
1
65
42
8
31
33
43
66
99
78
71
39
50
84
38
75
7
10
56
97
73
67
76
93
78
51
14
43
3
92
96
37
79
22
87
64
82
52
88
68
37
96
51
21
84
58
86
19
5
2
61
97
56
25
9
7
57
36
68
78
10
66
82
99
62
23
81
9
86
69
92
68
26
70
93
80
2
29
26
42
60
92
37
46
54
47
20
2
65
57
80
2
15
44
34
60
66
86
8
72
50
56
70
56
96
43
34
31
12
58
66
34
82
72
26
39
34
70
43
6
45
18
22
56
45
22
55
46
94
69
22
55
31
71
24
41
36
16
65
9
50
48
13
84
95
31
84
60
29
35
26
77
15
63
67
78
95
80
24
14
60
20
62
73
32
4
3
38
28
25
16
61
21
72
25
62
63
96
9
78
47
84
28
18
20
20
26
44
19
1
25
84
67
71
67
42
14
57
8
89
23
49
17
69
70
68
48
84
5
55
44
62
8
13
71
88
12
42
66
71
47
80
73
49
42
76
82
14
45
87
10
54
80
5
62
69
69
56
77
57
24
57
27
45
13
99
14
1
25
32
52
94
72
52
87
70
66
56
21
16
88
31
78
72
41
86
45
15
89
98
47
20
10
22
64
25
83
72
39
74
54
21
75
13
3
77
41
10
68
23
27
58
28
48
19
18
61
73
25
38
72
87
22
66
70
82
51
75
99
64
4
71
8
23
42
9
80
99
27
96
2
44
40
4
31
9
85
68
40
59
66
55
39
6
2
87
86
41
90
10
45
88
81
90
59
93
27
76
51
43
65
47
14
46
66
95
12
82
94
82
78
15
30
82
60
51
57
35
32
93
18
2
20
22
91
39
82
34
56
86
24
81
65
8
81
68
84
51
49
21
58
64
13
54
79
22
12
74
81
57
20
97
76
62
52
68
32
59
21
83
8
23
64
3
25
62
37
27
70
1
62
81
98
32
11
40
88
3
36
71
98
15
83
87
72
51
90
10
42
73
93
21
47
90
55
9
34
5
67
1
50
54
86
73
17
17
65
41
16
57
21
11
22
73
40
34
98
56
26
49
61
8
94
88
50
6
66
36
24
94
72
7
75
41
97
18
64
63
80
54
67
80
63
37
51
92
94
30
34
2
9
55
33
15
55
61
19
16
21
1
31
68
23
29
27
53
3
28
70
79
15
75
5
96
62
72
96
87
88
47
86
16
56
12
18
62
10
42
70
91
58
39
66
24
48
90
23
91
88
53
44
44
66
77
26
71
92
24
78
84
34
43
17
65
66
60
15
29
34
71
96
52
94
60
44
47
66
72
57
96
30
93
71
13
4
87
7
16
55
86
61
95
26
37
62
21
70
85
68
59
40
60
97
57
29
88
40
29
93
41
70
8
9
75
58
43
53
69
33
30
95
93
72
43
44
78
47
82
96
75
3
93
11
99
9
19
6
18
18
70
77
91
89
71
51
10
71
8
47
76
98
51
83
12
29
29
46
87
59
60
90
23
6
71
39
7
5
69
51
55
8
95
61
17
61
11
33
32
36
56
84
76
9
39
89
32
21
94
75
