54
75
95
48
83
73
15
73
81
64
48
55
29
70
29
27
73
56
28
66
21
26
62
85
6
69
44
92
92
18
85
82
85
58
73
59
61
39
92
91
30
39
23
67
1
17
94
20
99
94
81
55
4
75
81
6
38
10
22
68
19
57
92
93
81
32
80
29
97
2
6
49
52
68
2
8
5
48
43
98
34
25
99
20
23
39
43
35
65
8
4
28
40
89
55
57
35
67
46
7
92
45
21
79
26
69
33
58
37
61
71
56
33
61
54
84
40
55
41
2
0
21
1
44
41
92
19
62
25
51
34
96
35
10
56
2
27
92
49
80
39
82
37
71
89
42
90
35
15
69
52
42
99
7
6
92
53
17
22
76
70
57
37
64
6
78
1
84
83
54
49
55
7
52
88
34
35
51
36
39
47
6
12
67
78
40
96
23
55
62
14
86
64
70
74
39
16
93
71
3
84
94
75
77
40
58
17
21
14
5
43
33
81
35
8
85
68
92
40
46
5
89
5
45
92
89
77
61
56
5
0
24
15
86
89
33
3
2
5
0
94
12
18
49
18
17
39
90
37
9
68
2
52
35
35
83
91
14
99
6
12
99
35
45
15
99
27
36
38
35
51
92
58
29
69
86
36
62
99
56
78
70
18
84
91
49
29
94
54
60
2
72
35
11
6
43
21
22
80
22
93
75
37
36
80
39
24
57
50
23
24
66
31
91
22
67
28
73
92
48
17
47
33
2
39
94
24
75
5
68
20
82
96
85
90
89
31
60
71
62
96
5
79
89
47
60
83
65
40
81
53
27
27
52
35
16
24
88
56
23
43
43
85
36
44
65
38
85
84
52
3
96
37
12
71
74
14
80
84
5
65
85
83
75
91
43
48
8
74
9
86
43
25
90
44
65
84
59
65
34
6
93
86
8
0
36
64
69
93
11
83
54
49
14
45
6
14
28
67
90
29
21
51
71
75
45
25
46
5
58
0
46
13
18
70
95
20
77
78
90
88
27
37
24
82
13
91
9
80
95
48
94
60
5
49
23
77
38
28
57
61
75
26
60
52
18
69
56
61
87
28
45
32
56
3
1
91
89
97
53
10
96
66
81
3
68
87
41
85
63
56
96
81
47
78
2
21
37
71
59
49
91
75
45
81
20
29
23
4
64
87
66
46
86
96
74
3
6
43
95
96
31
26
21
41
34
90
65
81
30
43
27
58
72
36
9
36
84
87
34
71
97
75
8
73
0
79
39
69
71
50
48
65
35
4
36
97
5
43
27
9
16
19
77
89
77
12
33
41
98
84
53
60
8
25
58
22
64
28
21
4
36
71
59
45
87
42
96
46
82
95
50
73
31
0
62
76
28
86
43
85
79
19
32
63
59
91
69
58
48
92
36
18
4
35
26
5
31
44
74
97
44
67
24
53
39
58
46
57
83
49
86
80
97
16
64
15
88
49
58
60
30
26
73
95
75
23
23
10
46
40
41
16
90
99
40
58
19
13
3
57
19
91
15
46
83
44
57
5
27
6
9
73
63
4
42
25
43
97
11
81
83
83
68
59
37
20
77
90
53
29
84
79
6
3
86
52
36
93
24
61
15
51
28
80
83
9
43
13
53
63
20
70
93
96
36
27
88
36
40
66
74
20
94
10
3
60
48
27
45
45
3
57
36
1
7
9
20
22
37
0
45
47
76
18
19
94
37
30
93
49
19
13
44
3
42
85
7
36
96
31
3
89
58
75
22
99
45
86
69
57
64
81
45
20
50
43
49
37
92
7
2
27
82
84
96
26
69
40
44
11
56
19
6
90
78
35
23
60
39
20
2
2
94
84
31
76
28
37
51
59
50
82
56
60
80
89
40
54
83
76
34
14
23
48
27
40
51
81
13
41
43
38
66
1
96
2
90
36
32
59
76
68
73
20
92
36
45
52
79
70
39
63
59
75
96
95
56
88
44
20
44
53
99
86
44
50
81
94
17
91
71
73
74
23
95
48
31
30
78
77
95
60
51
24
66
68
67
25
17
2
52
90
47
21
5
11
28
92
38
16
51
7
77
17
89
62
68
74
29
6
46
31
7
28
0
30
89
36
2
95
29
10
37
9
36
8
69
8
9
76
28
64
6
0
45
16
23
53
12
6
77
15
56
45
90
24
34
40
13
94
41
81
67
96
85
55
84
24
85
85
51
5
7
53
6
7
22
16
91
60
96
62
80
24
7
92
24
56
76
22
96
35
63
18
38
57
12
0
13
40
91
38
9
7
17
60
10
11
30
