98
41
32
58
62
53
60
45
70
47
48
57
79
76
1
29
83
91
32
91
60
96
16
86
6
17
32
66
62
62
97
33
58
42
94
81
4
71
14
14
98
0
92
78
93
45
66
98
7
20
27
19
95
29
54
66
12
75
84
20
59
16
83
65
58
67
51
5
57
16
55
38
60
13
43
78
72
76
88
2
18
67
64
96
75
69
50
9
75
56
87
40
75
61
49
76
12
87
70
44
21
30
42
72
37
51
40
10
61
69
38
67
47
81
30
21
84
84
13
71
61
6
33
4
61
50
80
9
65
71
46
33
59
1
79
6
31
88
35
69
67
46
20
2
57
51
48
87
99
42
67
59
44
21
69
84
58
37
23
57
26
34
98
87
7
76
99
61
70
7
31
17
42
64
49
85
86
10
66
12
42
12
68
43
72
77
27
71
41
69
41
27
33
60
9
96
48
75
25
99
64
17
80
13
34
49
62
65
29
71
20
25
34
91
92
73
49
40
86
94
61
23
84
23
12
42
60
68
58
49
69
50
38
92
74
67
95
77
36
85
25
63
43
76
85
99
55
0
57
0
20
23
19
37
84
22
27
80
18
38
85
47
53
53
39
76
0
43
67
73
6
52
29
88
89
78
74
31
5
78
14
11
54
31
23
27
93
76
90
40
95
80
86
65
13
61
47
71
3
74
1
3
99
92
2
13
25
35
13
92
16
43
11
17
92
57
3
13
96
30
29
88
96
37
21
7
87
88
82
24
4
33
32
50
68
6
72
46
40
77
23
77
45
82
63
79
64
63
95
18
81
78
99
4
45
20
78
0
4
81
46
97
52
60
38
58
47
94
23
83
5
85
93
15
90
19
35
25
5
61
33
75
9
41
91
6
83
73
45
70
33
10
99
92
27
88
93
27
9
64
18
12
60
36
70
58
70
3
47
84
82
98
60
56
10
26
56
41
56
38
92
3
70
35
65
71
86
26
41
65
2
58
79
89
33
1
50
60
92
18
22
6
1
30
81
72
31
40
30
58
62
26
38
13
87
54
40
6
81
49
57
36
59
62
8
2
13
79
79
55
15
34
94
67
19
5
53
4
61
24
4
7
93
29
47
45
1
94
74
92
21
35
89
9
83
90
64
75
87
58
67
22
84
26
84
27
13
34
99
46
45
8
75
41
88
89
52
76
36
38
97
45
60
86
79
44
43
60
29
32
37
50
51
81
45
73
49
40
23
34
7
64
9
65
40
25
2
44
1
86
10
34
74
60
1
60
40
6
9
46
7
46
22
94
73
99
79
92
84
33
25
40
76
24
70
30
24
80
61
28
17
56
98
28
71
49
26
13
51
64
24
5
10
24
99
1
61
42
21
73
49
41
80
42
31
12
32
12
40
9
56
1
47
62
38
30
22
5
45
74
65
23
85
85
88
77
57
64
96
92
22
45
24
81
7
74
38
24
78
94
32
11
45
53
80
24
8
88
9
48
54
77
97
9
31
82
28
2
45
92
52
96
48
16
38
95
8
85
75
78
37
74
47
6
94
33
48
82
84
15
90
75
40
71
1
68
84
26
25
20
51
94
9
69
19
15
98
93
8
86
25
76
66
97
64
86
10
4
59
64
47
17
79
38
81
61
20
1
87
51
17
1
29
36
0
72
83
90
35
51
97
15
71
30
80
73
1
97
39
19
79
98
2
6
13
59
77
4
27
4
96
88
74
46
38
43
16
77
23
30
91
45
50
60
57
24
49
95
93
66
97
13
75
11
73
43
36
35
55
69
72
89
33
52
39
26
84
57
27
68
67
36
74
49
19
68
83
73
20
24
34
72
60
96
14
54
10
48
11
89
51
31
74
30
68
10
23
16
48
49
5
17
38
45
34
81
94
3
55
94
45
13
35
10
72
74
81
25
88
88
93
81
92
37
68
31
9
49
62
33
45
57
79
71
88
90
71
21
13
79
13
54
47
39
88
58
37
85
18
9
78
77
11
65
19
91
27
76
22
66
11
67
72
52
13
67
46
43
70
49
84
89
84
30
47
11
45
48
72
14
3
53
92
92
12
88
12
87
90
83
94
0
25
73
8
60
53
24
49
9
46
67
95
82
15
70
65
81
61
34
26
61
38
19
51
68
4
83
10
22
55
34
68
0
13
78
39
76
87
10
6
58
14
28
2
95
29
37
69
69
99
95
68
86
2
34
21
69
77
68
99
32
17
77
2
33
37
94
42
3
58
49
55
30
55
33
53
56
98
58
18
96
91
53
38
69
49
30
91
11
