46
15
99
86
68
5
84
67
57
84
12
5
80
43
13
9
38
86
67
27
30
57
97
44
91
73
66
66
80
11
3
65
72
93
35
58
82
67
17
35
23
23
86
18
1
68
40
28
33
3
45
69
53
96
64
84
67
7
39
87
21
57
46
78
36
73
47
5
64
52
40
36
43
34
15
14
26
72
21
95
88
65
64
70
89
58
54
69
66
0
63
36
85
14
93
73
50
57
77
47
14
61
16
31
46
8
89
66
31
22
56
16
86
70
64
63
0
25
45
71
61
62
13
99
73
77
56
79
39
3
75
0
96
38
42
11
22
43
40
8
59
88
67
14
88
7
97
84
82
48
22
60
47
76
53
64
68
40
83
62
93
88
2
7
15
34
80
34
75
72
98
5
79
85
87
74
83
81
28
32
56
13
72
6
61
32
23
97
21
69
53
11
67
63
34
86
90
31
81
45
97
87
49
95
34
74
80
32
22
68
90
40
51
97
68
41
3
77
21
61
84
25
83
52
21
61
52
87
80
57
69
80
72
31
24
62
74
24
42
38
63
72
42
70
21
76
98
80
23
0
65
62
55
34
64
93
8
49
69
57
37
7
84
40
36
58
69
27
7
60
70
39
17
79
86
47
76
20
42
18
44
80
17
20
5
67
58
53
11
73
53
76
11
24
44
56
25
72
31
68
51
74
67
89
54
73
67
55
52
70
82
90
97
10
6
28
91
22
55
67
6
44
72
86
13
4
44
72
72
89
61
30
1
95
17
4
61
20
17
61
43
8
60
70
72
65
48
82
93
78
51
89
80
73
71
92
45
3
92
45
14
68
88
73
17
38
45
2
61
52
29
80
36
77
56
43
34
19
22
24
96
81
0
5
7
66
27
12
37
6
7
55
10
49
45
50
70
4
3
2
18
31
88
96
28
54
85
79
88
72
79
46
16
56
34
18
4
39
84
52
71
46
71
14
87
48
33
76
70
90
47
26
19
74
27
34
93
76
83
85
11
9
80
85
25
47
77
16
6
41
66
69
24
1
32
19
78
2
9
92
78
20
35
94
32
57
20
47
72
92
7
70
74
33
10
81
48
47
6
20
61
64
20
94
64
39
50
2
89
90
75
1
94
86
54
58
41
31
29
30
21
7
1
58
48
66
90
35
21
34
73
97
14
95
2
56
46
30
35
79
66
60
5
36
12
29
15
50
63
29
55
13
89
4
33
68
37
44
63
66
42
16
37
49
43
54
17
66
15
85
11
2
61
32
29
46
55
47
1
99
14
55
1
94
60
86
15
74
38
14
41
92
94
81
52
81
13
6
15
9
94
33
97
67
83
13
30
51
5
77
69
85
61
3
33
1
24
32
43
95
6
96
90
38
67
72
92
36
77
55
74
42
94
18
5
7
20
6
39
49
59
38
48
28
76
35
19
63
84
81
57
99
1
93
73
66
41
61
92
48
46
3
85
99
50
37
14
4
41
53
43
25
21
65
69
45
11
14
40
83
75
24
27
32
35
19
88
33
29
29
92
52
49
74
40
24
65
49
42
67
31
22
53
52
96
36
80
4
4
67
79
30
69
98
5
71
91
61
42
26
84
71
22
8
74
50
96
85
52
8
38
92
99
73
6
98
35
25
59
7
48
89
38
11
39
92
81
96
51
34
30
57
47
3
33
83
32
50
8
62
22
23
68
14
26
50
86
99
56
75
75
47
21
12
86
3
3
67
75
79
18
69
30
36
38
61
0
86
89
72
6
94
7
69
62
0
57
1
67
44
84
42
85
31
49
8
97
35
97
66
60
91
19
65
76
25
22
26
70
18
3
54
52
67
49
74
91
77
2
80
75
30
36
68
89
25
56
95
20
52
8
31
17
44
69
70
48
79
49
57
73
27
51
93
71
84
61
21
91
12
27
69
86
39
85
60
18
42
53
8
2
75
34
43
82
98
79
82
72
73
29
8
92
86
21
43
75
84
18
75
67
37
41
75
30
25
52
0
27
36
76
74
52
98
81
28
96
48
78
15
79
94
40
31
30
18
64
23
31
85
37
39
85
74
97
77
3
10
59
34
29
39
95
21
69
17
40
9
61
77
35
87
20
24
37
28
62
86
44
61
37
3
80
60
33
27
42
12
11
84
84
0
30
83
49
27
25
48
31
21
18
32
37
82
13
1
78
74
51
87
28
57
9
11
16
56
77
98
50
96
46
74
77
29
59
56
49
48
80
11
13
92
79
75
32
40
69
83
12
62
40
20
59
99
21
11
74
46
31
90
