11
63
43
97
92
28
71
97
98
89
1
54
98
56
77
8
92
81
49
88
57
42
36
40
49
48
66
25
57
85
89
56
63
41
89
11
13
92
95
24
92
64
79
63
36
37
24
93
28
32
7
6
4
65
72
23
64
76
33
34
52
24
45
11
10
7
36
88
45
78
98
8
73
28
95
98
27
5
0
15
17
33
79
74
25
56
99
77
61
96
55
47
26
14
18
24
53
96
57
61
58
21
33
94
43
68
85
69
10
41
32
20
69
79
35
4
80
34
44
93
55
64
61
81
55
17
62
93
86
56
7
34
34
25
57
83
34
65
95
40
92
38
53
5
2
17
2
6
11
49
73
77
62
17
37
50
15
7
55
3
93
67
55
83
61
45
64
38
98
74
82
94
87
66
59
4
82
18
37
5
86
63
28
15
85
58
4
65
73
32
26
33
89
75
16
11
57
40
55
58
38
48
54
32
30
37
56
34
56
71
7
54
11
4
94
11
76
71
81
44
28
20
35
34
21
57
17
32
31
22
56
27
1
42
51
34
3
22
17
83
78
83
19
10
25
22
74
94
45
80
40
39
81
37
29
42
57
2
20
17
97
55
3
81
98
60
83
36
7
35
70
65
52
46
22
66
83
8
75
33
88
99
87
9
74
9
75
71
70
92
22
23
66
47
94
2
75
50
18
87
87
99
22
57
55
33
89
42
83
55
52
51
48
35
14
82
79
29
31
34
34
60
97
98
56
15
85
7
96
34
18
98
57
64
57
33
55
20
2
87
50
64
0
32
27
37
37
55
87
96
80
37
92
42
9
27
89
93
77
45
64
45
24
24
98
36
88
62
81
34
7
70
56
22
3
38
43
2
31
51
6
7
72
1
49
90
11
69
72
84
85
40
13
80
90
63
61
10
94
50
39
19
81
66
67
98
96
52
58
23
67
42
27
72
61
41
62
57
85
25
62
8
37
80
12
7
63
30
52
22
8
28
71
45
25
76
93
21
30
33
13
32
67
38
82
91
62
26
29
50
58
6
76
68
97
96
43
40
19
38
76
93
20
89
71
82
91
43
85
75
42
11
45
63
85
71
38
83
20
89
69
77
63
36
60
96
0
62
59
83
93
3
87
55
4
65
56
37
87
78
42
16
48
65
27
61
29
3
3
89
18
80
0
8
46
22
81
81
55
61
92
7
90
19
93
19
25
9
91
39
61
68
0
75
64
45
69
52
62
47
56
74
49
21
5
46
65
58
8
30
85
90
15
70
26
7
9
26
69
57
88
79
95
62
32
33
67
21
23
65
46
74
24
26
66
54
6
59
82
4
69
56
91
33
49
20
53
96
32
56
21
47
27
21
86
73
89
73
43
65
51
15
94
28
6
37
78
63
31
37
45
3
60
25
41
60
70
55
14
17
65
29
41
65
1
48
19
31
18
50
86
54
77
16
52
29
80
55
25
35
7
26
86
52
55
61
97
67
36
24
1
46
22
63
91
80
9
45
87
56
77
16
10
92
15
10
29
88
98
45
77
17
26
70
35
32
3
3
64
68
15
81
55
65
63
24
9
57
76
85
97
13
13
44
87
38
32
7
8
51
97
39
69
24
13
66
88
57
15
45
59
7
93
70
89
54
34
99
63
85
40
98
73
57
6
92
10
29
23
14
3
56
76
80
39
2
85
15
89
75
32
83
54
91
84
1
78
34
73
25
78
97
52
55
58
31
10
84
30
47
22
4
72
62
68
66
45
39
71
70
49
70
40
14
45
52
1
20
45
96
65
64
94
86
66
68
7
92
65
60
61
46
71
22
12
56
42
27
47
13
77
80
32
33
32
23
9
57
44
88
46
97
41
29
99
98
66
62
99
54
74
66
44
1
71
64
45
3
83
78
53
71
19
28
59
27
65
6
90
74
80
78
61
75
5
9
85
6
53
22
90
75
68
91
52
69
38
22
81
4
11
24
70
56
6
75
8
90
56
91
37
55
10
43
57
3
68
5
30
79
46
54
62
68
41
0
12
62
17
77
72
17
5
85
37
71
63
8
32
3
34
20
99
5
70
29
64
82
96
35
22
62
54
6
77
29
9
9
49
47
97
36
55
58
3
23
1
10
37
17
22
38
56
65
86
66
45
20
57
76
77
45
27
80
75
68
75
21
22
50
77
72
35
57
86
62
75
73
55
92
18
86
49
12
49
81
62
3
84
31
40
27
24
64
55
26
36
61
17
93
68
92
4
93
21
69
26
65
7
62
87
56
19
33
68
47
49
97
37
74
