92
2
82
24
41
31
88
53
40
68
95
51
57
61
65
47
47
49
13
33
2
88
62
85
27
88
57
46
61
64
84
36
4
39
93
63
24
80
44
62
92
54
27
36
27
21
10
42
71
25
70
35
99
13
88
70
14
45
61
84
44
82
69
45
87
60
30
70
47
78
85
37
6
72
17
46
4
13
99
75
47
64
30
44
17
17
90
94
51
46
9
57
32
77
41
67
4
25
0
22
4
26
82
96
14
95
76
55
47
99
76
21
59
68
7
39
29
10
52
28
16
42
59
69
20
42
33
18
40
44
29
26
94
34
76
83
10
7
63
74
46
91
52
25
19
72
55
4
75
58
16
5
89
30
22
74
88
80
71
0
81
57
90
22
0
82
22
81
16
20
46
43
71
79
33
75
49
22
41
52
3
14
66
15
46
3
41
29
49
24
51
72
89
11
22
52
1
2
2
65
0
93
46
96
92
95
84
2
75
87
30
6
47
5
82
64
27
46
32
90
10
49
73
14
87
35
7
48
32
53
45
62
3
9
68
89
9
0
36
14
23
51
93
27
0
56
70
3
71
22
29
95
6
57
59
27
45
2
56
58
94
47
9
80
14
28
90
91
39
23
87
4
47
36
10
26
27
52
99
3
17
15
43
18
50
13
74
46
93
18
75
73
41
27
46
75
23
90
85
63
65
27
37
86
16
94
86
92
4
69
73
58
57
74
58
65
49
21
13
16
36
3
21
49
51
58
26
58
29
48
75
80
68
34
89
73
50
3
9
13
73
66
46
76
18
46
74
14
73
78
45
93
27
19
68
82
33
73
81
50
84
34
55
91
9
39
62
39
92
29
21
86
38
68
76
90
16
60
47
71
45
72
29
98
85
72
11
25
3
40
90
64
84
74
6
96
98
34
85
72
86
37
9
58
11
15
47
23
50
73
23
69
97
10
55
57
41
39
13
64
37
73
50
65
23
15
39
1
55
71
3
5
4
84
16
25
49
81
11
7
15
27
39
70
20
76
36
18
51
3
66
6
11
11
32
50
73
95
34
62
17
81
53
19
14
31
13
85
71
41
12
86
83
18
86
81
66
42
14
24
21
46
22
0
26
66
94
17
49
95
35
13
52
61
53
26
20
52
4
69
46
74
17
98
1
75
25
95
38
61
5
15
30
91
7
89
37
24
94
62
8
41
29
50
58
87
22
30
75
5
61
0
45
37
54
1
95
77
0
69
83
82
29
13
56
96
74
6
77
31
10
94
99
31
41
79
5
62
74
98
31
25
75
60
76
32
29
55
34
53
9
27
33
29
71
36
44
36
87
71
15
99
64
7
3
65
71
85
69
90
29
47
4
72
85
2
67
89
95
97
50
50
2
50
62
22
59
65
51
67
76
29
94
29
18
65
98
62
86
59
50
46
34
85
28
48
62
34
74
48
15
68
4
41
71
90
75
85
93
46
35
40
67
84
76
35
41
75
73
52
98
65
12
68
90
36
30
18
77
54
46
56
0
73
35
81
59
70
17
80
81
84
85
3
96
32
23
64
64
11
90
90
95
75
25
41
65
61
5
2
54
62
34
19
43
49
0
67
39
71
62
25
1
39
70
12
16
27
11
0
57
32
55
78
93
65
75
99
93
97
84
20
21
53
18
67
24
43
83
69
81
68
57
82
83
32
2
81
63
23
25
39
97
35
60
89
31
99
34
82
85
58
15
34
72
46
82
16
53
7
2
60
77
54
81
97
27
45
28
11
62
55
74
73
65
51
84
96
64
33
20
77
17
60
47
81
24
74
31
57
38
52
37
29
54
98
42
35
60
3
37
89
33
94
97
55
20
33
55
29
30
19
95
5
20
11
88
51
51
35
74
69
0
1
24
46
45
53
66
58
69
95
3
27
2
41
68
17
58
77
44
55
15
18
67
32
31
73
76
85
34
24
25
33
25
42
26
6
47
87
94
34
29
23
77
56
3
45
10
81
18
32
39
56
38
37
71
20
97
69
89
4
38
7
33
12
10
39
35
65
44
76
23
89
26
36
1
45
31
7
98
14
1
30
80
93
2
82
56
16
98
73
9
27
47
5
66
19
32
64
66
28
77
37
26
94
47
66
27
1
78
78
38
64
5
83
35
57
97
91
9
12
11
76
48
15
88
14
98
22
31
23
40
24
2
33
91
54
81
24
13
62
55
45
66
9
61
35
67
51
37
32
68
28
45
63
51
91
52
3
55
61
31
98
97
60
71
96
99
93
59
67
22
39
37
34
40
49
71
44
