64
26
15
28
13
16
91
76
10
35
11
51
81
45
51
40
35
74
5
34
39
51
26
10
67
64
35
79
51
49
55
41
97
85
65
2
5
37
99
93
85
76
34
43
6
95
68
90
88
37
0
9
4
48
66
55
89
2
92
82
38
73
27
42
62
91
99
41
51
90
3
29
31
30
58
59
17
93
37
8
58
34
8
67
54
49
33
22
66
34
9
44
0
73
30
4
5
26
56
92
6
59
92
44
52
71
64
53
54
16
76
31
3
57
24
87
27
16
42
60
23
90
63
34
33
11
83
18
58
89
76
97
20
61
92
60
14
12
65
89
14
80
73
46
76
1
31
86
40
6
44
26
52
36
32
92
15
22
66
69
1
27
19
12
60
72
35
91
95
96
57
63
13
4
77
41
30
72
66
76
58
33
80
95
42
57
88
45
84
20
99
97
27
54
6
39
43
7
30
12
85
53
94
91
52
78
24
31
41
39
54
44
23
67
97
60
57
13
32
10
16
95
95
28
61
97
37
37
72
75
10
39
43
15
8
13
48
93
16
63
27
92
0
66
22
60
40
62
9
24
61
23
94
58
14
97
88
42
39
97
32
67
13
7
13
9
66
21
22
60
62
3
70
16
42
22
43
26
85
10
86
65
41
37
20
6
55
17
70
58
55
36
95
9
26
14
63
84
20
13
62
25
8
85
1
46
68
14
15
82
84
88
49
89
14
2
3
9
21
24
12
95
22
86
86
33
59
40
10
93
30
79
70
16
1
65
50
53
9
57
2
63
84
53
9
48
38
10
58
93
32
85
53
17
58
42
4
8
83
10
3
69
29
18
85
35
18
55
91
90
33
60
17
5
5
2
85
1
58
20
4
60
87
24
49
64
21
92
55
38
23
64
8
57
35
82
46
94
90
45
12
95
39
58
8
46
47
82
2
26
39
33
13
77
74
83
14
1
47
16
25
98
46
2
19
0
74
65
36
32
79
7
53
25
53
56
32
49
38
38
52
0
29
34
2
21
71
23
50
67
38
48
83
49
71
6
71
90
95
8
86
9
88
33
84
16
42
14
78
31
18
11
10
95
62
85
16
35
7
89
2
99
0
37
91
3
13
27
26
74
79
31
63
32
71
94
29
89
36
60
87
83
5
5
58
74
11
4
79
70
76
13
95
63
76
75
37
27
86
77
29
75
64
4
5
80
27
33
53
87
13
32
66
36
11
76
85
64
88
82
20
88
44
62
11
8
42
13
28
74
18
71
45
13
96
52
3
92
94
54
17
36
13
5
72
14
22
89
43
69
43
85
38
14
13
68
75
30
64
81
21
65
76
7
47
61
98
11
77
44
27
6
32
22
18
97
84
53
79
28
86
53
46
38
66
77
72
25
59
76
98
13
93
48
12
86
73
72
22
24
50
15
80
80
82
95
57
58
3
16
64
43
60
78
61
60
48
31
34
83
6
6
65
47
58
12
9
90
12
89
9
50
14
54
9
80
42
35
79
64
33
59
50
98
75
37
96
58
71
91
97
57
68
49
97
13
36
40
41
35
27
79
40
16
55
12
72
16
40
85
83
86
26
11
88
59
83
48
86
37
26
28
15
59
9
56
0
31
83
34
35
69
90
45
41
99
0
24
44
95
11
69
51
84
61
40
25
14
70
54
66
98
90
42
73
99
38
21
74
37
23
49
14
5
92
66
22
56
1
37
69
82
93
47
61
78
99
94
18
1
38
68
41
71
40
94
31
96
5
80
34
87
35
84
24
60
81
99
58
74
0
88
81
93
36
92
60
98
8
72
97
24
76
55
72
93
30
25
89
70
44
44
81
6
61
90
69
44
30
68
78
22
91
62
92
98
25
69
88
24
3
41
64
89
57
37
22
96
85
13
41
85
25
25
61
99
75
44
84
20
55
23
92
34
83
42
43
91
31
73
96
97
14
38
0
94
28
9
45
93
1
85
3
69
83
29
76
58
90
74
95
63
58
32
60
98
18
42
2
24
91
35
69
76
51
34
5
82
11
40
33
90
49
31
38
82
14
59
53
50
42
83
95
8
66
15
34
11
52
3
35
45
52
20
61
95
65
42
96
59
20
88
97
9
33
28
71
77
28
56
51
77
6
3
32
35
83
64
63
16
26
64
51
28
89
81
22
42
79
34
26
96
63
15
76
20
65
12
25
62
33
42
45
4
12
52
29
26
80
54
28
90
97
79
13
76
88
29
17
27
85
53
46
49
53
47
79
48
58
94
41
13
24
4
0
26
96
37
47
10
