56
39
15
46
24
44
63
35
29
73
30
78
96
95
97
46
62
23
71
68
9
12
48
67
11
65
29
19
37
1
17
2
73
89
8
78
46
14
73
98
91
51
13
86
48
37
98
17
33
17
84
23
91
56
86
39
7
51
61
87
72
61
72
58
60
23
20
10
87
90
28
41
96
59
99
57
87
94
57
14
36
54
86
34
85
67
60
34
56
85
14
67
10
31
70
34
45
29
79
23
79
14
99
43
42
38
37
10
15
28
3
37
55
1
56
4
40
64
3
60
23
23
78
69
43
56
6
95
81
72
69
82
51
76
51
28
93
34
37
25
85
99
1
77
11
12
35
31
54
40
79
32
52
13
78
4
90
28
66
7
71
98
80
67
79
35
10
28
74
8
29
88
3
91
71
66
38
28
34
7
58
66
54
12
63
35
82
38
30
27
96
80
70
5
91
21
65
32
17
95
10
73
33
40
86
8
15
99
86
61
65
23
76
9
21
41
8
69
28
86
71
83
81
3
70
83
38
11
29
33
53
31
29
44
92
51
57
49
60
57
15
68
62
84
70
11
44
14
28
23
19
8
3
12
69
25
11
67
31
17
67
2
2
4
14
16
50
93
56
51
83
4
26
31
36
23
23
93
28
59
13
35
69
80
93
65
8
95
53
94
39
36
1
20
70
46
90
0
22
60
8
99
6
93
92
30
36
87
41
92
57
33
48
65
71
84
30
67
76
9
67
27
29
99
50
50
70
54
73
31
48
3
80
27
62
23
76
34
70
88
82
85
59
74
64
81
28
61
38
67
67
51
23
57
94
75
44
47
36
99
87
22
43
22
88
64
86
0
58
6
87
85
33
99
81
46
56
97
93
75
25
26
61
82
70
13
76
82
66
12
29
37
97
83
80
16
59
8
84
2
25
4
52
57
46
31
65
8
22
68
49
23
62
20
6
46
78
19
73
14
89
51
95
10
56
69
62
89
82
2
89
15
92
62
76
33
51
32
4
87
27
37
20
21
40
8
28
1
93
87
59
69
17
13
26
94
54
44
94
70
56
49
51
59
33
48
28
40
69
17
20
83
63
70
93
72
8
27
88
60
16
61
86
30
25
38
24
37
56
18
6
4
15
90
65
20
67
90
27
19
32
9
63
68
65
40
17
61
20
27
13
69
65
56
18
61
55
6
80
16
96
46
98
46
99
3
17
34
67
86
15
77
64
95
10
95
26
85
6
82
98
30
78
96
16
42
2
62
5
66
59
34
48
93
88
48
58
40
36
32
47
66
98
38
54
19
54
96
5
41
98
23
68
84
49
20
45
38
72
44
41
18
58
4
52
55
95
26
75
33
29
77
1
94
66
91
2
23
36
85
10
58
63
42
49
30
62
34
67
69
60
48
42
98
30
72
32
90
22
58
74
37
58
99
88
52
80
50
89
35
94
20
56
69
95
95
41
61
40
6
15
47
79
45
13
65
1
5
75
66
65
9
78
66
27
30
19
62
53
42
10
28
86
14
2
94
81
44
7
90
6
72
81
24
22
9
24
21
77
85
16
54
40
66
70
53
4
7
33
66
84
24
52
80
93
31
38
79
85
71
32
84
3
5
2
95
23
81
18
18
16
80
55
5
17
70
10
57
18
73
14
57
3
41
60
7
98
36
10
72
73
12
13
9
58
73
69
35
35
40
35
89
52
20
24
35
97
94
54
12
47
15
15
88
75
68
74
56
57
42
4
37
84
2
37
79
83
96
38
68
13
22
71
26
77
29
64
52
80
4
79
84
46
80
60
56
64
90
82
49
77
44
4
3
64
66
25
47
4
34
45
96
25
8
15
29
97
27
38
27
30
78
10
17
19
78
63
53
60
12
86
16
55
88
78
34
77
32
96
8
10
66
59
1
42
33
80
12
23
28
42
34
17
59
45
3
6
50
7
71
62
9
41
95
7
57
42
5
9
21
13
86
69
86
97
96
92
79
81
96
99
46
77
15
68
58
83
68
21
34
80
51
82
98
19
2
83
45
2
24
94
49
72
6
44
81
75
97
69
41
68
87
97
99
92
83
47
11
28
12
11
93
43
56
25
58
25
46
94
73
13
65
68
62
92
68
90
42
34
42
7
77
30
50
75
6
18
10
82
70
89
78
56
48
89
13
71
21
58
45
31
52
10
88
56
52
62
66
82
17
67
83
99
69
61
68
98
35
98
31
67
23
36
63
18
40
71
32
11
91
56
98
92
43
30
53
30
43
50
55
31
78
89
60
35
95
56
43
17
57
