53
84
33
5
34
98
24
45
91
52
9
79
47
19
78
19
9
10
69
87
1
75
48
53
29
86
54
31
78
36
31
89
96
87
49
87
3
20
3
32
24
10
95
2
68
39
46
61
19
30
47
54
54
52
36
63
74
6
25
78
54
53
47
11
61
92
39
54
46
54
5
52
18
52
18
20
62
74
48
25
42
80
27
26
94
68
66
30
89
5
80
4
53
99
14
35
84
7
35
56
80
34
60
27
94
43
61
46
24
34
94
93
29
6
68
55
26
89
99
82
72
19
2
83
97
91
56
60
28
13
57
42
18
27
13
70
78
72
80
41
76
81
70
40
19
59
73
78
43
52
97
73
76
9
73
29
7
5
50
85
67
94
38
18
18
70
42
48
14
98
36
94
23
48
88
6
90
30
77
9
76
31
37
1
6
9
76
66
14
37
22
60
95
38
73
97
35
23
23
11
9
53
53
72
77
13
62
0
63
10
2
28
8
75
96
87
20
31
89
18
99
93
78
49
42
81
40
73
78
88
0
16
39
83
59
77
63
60
67
85
11
73
5
25
41
84
88
23
41
67
46
65
78
23
28
24
9
86
50
89
40
98
48
61
11
26
48
80
67
66
10
79
41
24
73
90
44
82
7
67
97
90
88
89
91
32
12
7
12
25
41
0
27
77
99
64
25
27
25
67
97
88
19
3
45
37
94
16
80
48
1
10
34
52
91
85
48
66
15
84
7
81
62
22
18
35
68
78
96
49
81
65
12
68
63
62
85
48
75
42
53
2
43
60
97
82
80
11
5
70
2
14
43
45
83
72
7
75
94
14
50
17
7
46
74
5
19
4
96
77
93
91
50
95
98
22
26
52
74
29
20
73
92
13
80
69
67
0
96
31
23
29
29
69
44
20
85
79
34
63
27
83
44
50
0
47
26
81
8
46
94
58
59
94
82
91
41
11
16
5
85
66
21
10
81
44
91
12
84
37
74
77
32
34
16
69
80
85
4
49
63
34
73
77
89
25
68
40
30
45
44
95
29
56
84
44
44
18
65
75
74
26
57
56
23
68
70
80
20
83
1
36
73
30
14
42
6
48
34
27
63
89
5
87
31
51
44
54
61
73
40
62
13
98
56
90
30
40
78
38
91
45
65
52
52
48
98
70
12
53
52
51
86
81
66
4
91
42
40
51
48
35
87
38
83
69
82
7
61
74
79
38
93
79
90
85
76
43
49
5
54
96
54
98
51
86
94
72
86
78
62
80
89
57
77
85
14
27
99
81
93
87
76
45
51
58
71
89
78
58
18
71
40
8
95
66
76
42
32
28
3
61
31
87
57
83
79
77
31
24
12
4
42
52
19
78
82
20
61
39
56
87
64
38
98
10
33
54
78
19
94
37
21
20
16
22
60
70
65
16
58
55
10
62
97
26
67
18
40
67
35
34
0
38
94
54
20
0
29
56
35
69
35
96
9
13
47
19
23
42
46
37
80
50
82
66
30
28
59
78
66
92
35
35
2
43
79
84
83
89
82
77
96
81
13
32
28
94
49
98
34
39
71
77
45
72
35
48
64
44
27
91
17
11
43
7
33
45
64
89
74
90
1
50
64
47
71
19
2
39
81
80
98
4
75
52
16
27
16
80
59
49
7
24
85
52
25
16
87
94
59
13
61
60
33
36
27
13
75
30
40
81
9
65
88
70
60
32
16
89
65
5
44
93
47
83
83
46
99
45
65
53
4
66
42
95
20
14
72
64
16
17
89
91
28
66
70
63
42
8
35
11
49
15
85
64
95
20
71
71
4
81
98
48
70
22
62
98
81
6
58
43
77
32
45
27
72
79
64
15
1
69
68
73
25
15
5
67
81
98
5
13
47
13
97
46
48
76
10
34
4
3
2
42
54
73
6
11
8
31
51
42
15
52
34
80
41
38
27
45
88
35
16
8
65
67
15
74
28
26
91
60
60
14
96
93
15
74
49
2
18
87
45
47
18
77
29
26
87
52
5
97
63
36
17
42
51
68
78
97
31
48
51
25
36
57
69
56
24
48
79
73
88
39
79
67
18
9
35
2
10
71
81
87
63
72
2
63
60
86
48
7
42
62
43
77
17
17
82
60
16
25
23
74
9
12
89
77
68
6
43
34
85
45
21
87
57
35
26
83
69
64
18
9
73
86
72
35
54
64
89
85
24
70
67
7
37
31
49
42
47
66
22
62
90
20
26
55
88
54
93
68
23
36
92
43
97
10
86
84
21
72
34
3
83
6
73
68
75
56
