31
37
7
3
15
34
2
1
0
39
57
81
51
43
43
49
84
6
79
77
2
0
50
2
97
10
57
66
38
52
96
38
55
30
48
15
41
9
17
1
16
55
22
84
59
21
71
0
56
60
47
28
13
74
76
29
67
63
69
46
56
93
23
39
91
23
74
89
51
90
52
87
70
89
17
55
26
22
29
2
72
80
22
78
82
7
31
38
64
26
31
30
1
38
68
61
54
23
36
22
88
4
69
53
0
69
79
19
43
33
78
9
98
55
30
11
40
31
42
16
65
89
39
15
32
65
90
26
32
45
15
15
57
87
17
89
55
46
5
49
97
72
13
13
66
8
43
62
93
51
73
84
37
72
10
26
99
51
97
16
54
2
70
91
93
3
85
48
61
31
4
25
11
54
70
25
45
77
71
67
25
58
41
17
97
52
72
14
2
4
96
64
62
73
57
18
51
42
85
76
40
4
8
59
25
89
96
8
13
67
71
66
12
96
14
20
96
2
79
49
21
32
80
65
89
50
79
95
67
95
34
34
66
28
43
77
31
52
71
98
90
30
57
58
12
6
85
15
55
9
23
25
59
80
5
57
98
0
70
75
5
32
32
68
66
59
0
77
29
36
53
79
53
69
14
36
64
40
22
34
64
70
64
55
7
88
7
3
32
14
1
16
77
46
96
20
38
82
40
45
30
53
94
52
82
83
35
81
14
98
26
66
13
68
19
8
91
90
65
42
44
61
81
2
76
48
20
21
22
83
15
98
19
86
39
85
19
17
55
57
34
28
85
75
88
55
57
34
13
81
22
23
78
44
21
90
36
90
63
13
64
76
80
1
70
60
73
90
42
38
9
65
70
99
38
90
21
24
30
65
18
10
71
92
49
5
75
57
84
6
30
36
22
19
84
16
20
80
70
93
67
2
74
41
50
0
0
9
52
84
80
40
39
5
6
38
44
52
67
71
11
31
40
92
80
92
98
68
70
38
42
88
5
34
33
76
6
36
58
17
21
90
4
29
10
81
12
86
32
40
56
22
67
28
82
72
2
96
86
62
64
4
92
52
65
8
53
79
67
89
14
52
96
73
57
14
69
62
54
8
78
87
66
90
27
75
14
26
57
16
16
45
75
9
92
59
55
42
8
19
92
55
54
26
8
78
26
54
49
21
31
31
99
91
84
22
95
32
96
33
12
42
68
45
16
19
18
59
32
39
41
34
45
54
65
75
31
18
33
7
85
75
81
80
52
40
4
8
7
93
2
17
23
73
63
25
64
75
2
25
25
85
19
59
42
36
21
33
83
0
58
39
55
69
27
40
22
31
4
42
78
15
20
36
43
16
84
15
43
68
18
44
20
51
49
82
82
13
85
54
32
25
18
18
36
85
50
18
1
28
98
47
79
46
29
0
76
44
60
99
31
37
85
16
69
96
4
65
49
75
5
51
4
42
71
37
41
53
36
12
13
92
26
8
1
46
25
56
15
41
49
76
63
63
30
85
79
53
76
54
35
92
4
82
81
93
77
12
41
59
26
83
2
38
83
55
73
67
0
58
99
91
6
74
33
9
0
64
35
24
70
69
44
76
81
58
29
33
73
36
74
69
48
63
78
8
84
23
29
27
76
91
19
20
78
85
99
81
68
91
22
75
38
62
96
31
56
3
82
77
58
97
68
26
92
52
97
40
12
83
36
21
92
23
39
10
37
80
6
92
99
92
72
15
73
99
80
74
14
84
16
76
49
75
22
25
48
63
16
30
95
61
21
87
14
93
18
53
21
60
0
11
83
71
87
38
96
24
67
87
40
54
12
57
48
94
10
22
36
23
8
80
26
61
31
43
15
55
46
16
41
21
28
59
55
61
47
47
20
1
23
91
4
17
70
30
93
37
56
77
81
66
45
52
70
85
51
14
55
90
66
78
20
91
1
9
72
61
11
16
72
54
11
24
1
42
93
89
73
46
95
53
71
34
88
54
11
11
63
88
41
13
93
36
0
4
39
56
61
30
97
33
52
4
82
14
37
38
32
46
68
78
62
25
82
89
3
59
33
4
9
81
61
59
83
88
85
0
19
52
78
19
74
65
44
34
22
37
56
85
7
5
43
62
14
74
40
17
14
65
9
42
14
5
63
48
43
9
2
65
17
6
40
0
11
88
65
71
21
50
19
17
13
42
15
80
34
89
70
32
70
94
17
87
36
83
76
64
40
92
17
86
23
49
24
79
54
91
93
70
21
35
43
4
39
28
30
83
54
35
65
92
12
95
63
61
27
45
7
17
