52
80
96
44
79
34
20
90
50
43
88
55
36
46
53
55
87
35
32
0
2
59
46
66
13
51
34
39
59
28
2
75
47
33
66
73
12
56
5
75
57
32
10
97
67
55
77
50
66
2
6
60
20
72
75
78
11
13
76
31
2
3
59
56
11
10
93
29
59
17
34
4
2
98
18
4
73
69
6
15
61
17
29
30
52
92
76
4
96
85
9
99
14
71
22
76
22
20
4
63
49
26
22
53
21
3
28
0
83
73
71
24
93
86
70
29
39
84
90
3
27
57
82
46
19
26
68
72
33
20
5
93
48
55
38
60
44
62
61
44
26
91
39
65
90
88
41
57
56
29
22
52
79
18
21
35
25
47
42
54
56
29
23
10
9
58
19
19
28
25
74
47
66
0
81
34
55
5
12
37
29
25
32
93
57
18
53
5
41
70
36
41
90
91
21
92
50
24
73
69
98
22
0
63
72
98
92
88
72
46
35
90
86
67
96
1
19
73
62
49
41
94
14
58
38
71
96
84
37
80
25
85
17
46
36
81
91
66
94
84
73
77
87
15
11
23
71
77
10
0
90
67
34
69
87
70
5
92
92
38
82
8
26
60
25
75
18
97
51
46
42
54
98
63
52
3
26
50
60
18
55
50
20
81
13
73
30
13
78
46
9
85
41
10
77
91
40
33
97
54
96
20
67
0
67
66
46
23
75
57
66
54
59
64
42
28
31
85
83
37
23
6
66
15
10
58
6
98
68
50
28
96
56
45
85
71
1
48
21
88
31
48
31
55
88
83
25
9
38
60
21
1
11
3
29
57
25
97
91
9
71
24
50
58
55
59
84
23
7
68
59
72
8
11
80
50
32
44
31
64
75
66
14
39
33
67
72
79
21
85
0
17
88
84
23
19
59
92
32
83
92
63
74
70
6
68
15
25
78
90
50
2
10
37
81
97
59
79
1
60
29
36
24
40
26
32
61
46
6
80
96
81
89
20
0
86
82
9
44
11
77
19
88
63
85
74
23
3
55
8
98
30
9
26
11
6
20
99
92
16
87
6
7
2
8
41
27
42
79
18
35
57
72
91
90
85
34
33
50
73
73
7
72
48
0
65
18
3
23
46
34
83
63
7
64
86
64
42
92
83
47
29
60
42
56
69
31
18
13
52
67
81
55
59
37
44
63
9
48
58
53
85
98
73
10
13
23
53
95
30
50
62
5
84
95
0
52
25
64
83
45
44
87
49
59
2
72
52
61
7
58
3
47
41
75
31
12
51
1
88
73
2
23
50
2
2
51
19
34
41
5
54
62
15
23
72
17
86
39
57
25
63
31
35
95
81
64
0
39
3
48
58
49
20
70
60
82
58
1
6
64
77
61
56
17
16
31
70
30
22
61
25
58
44
34
40
95
48
59
43
91
44
79
82
45
62
31
98
73
7
9
73
66
39
30
61
19
81
57
41
73
82
50
92
6
83
8
59
38
7
3
16
93
41
91
21
23
35
39
6
94
45
30
91
74
89
82
97
82
61
26
59
69
56
86
8
71
84
77
82
82
34
74
57
3
71
91
16
53
7
92
7
78
63
45
0
5
12
97
0
6
78
28
18
14
34
9
43
91
28
64
51
34
5
65
27
37
95
14
17
14
77
89
27
92
6
86
32
9
43
86
29
26
41
53
63
1
72
68
85
1
70
36
50
35
78
36
97
37
63
87
14
21
93
3
32
58
37
72
75
4
76
55
39
19
76
67
69
35
38
57
45
1
58
60
66
84
54
65
27
7
46
83
42
90
22
75
76
28
95
82
1
75
22
60
65
84
50
67
82
26
46
50
90
69
36
39
80
70
48
45
91
31
32
2
16
86
31
4
98
93
25
12
65
51
5
63
4
19
54
86
35
97
77
3
82
87
18
65
69
10
77
64
79
39
46
99
93
34
10
27
65
71
57
16
74
69
68
1
78
67
29
86
42
55
51
61
5
85
61
54
73
39
44
14
68
66
69
19
91
76
57
92
34
94
16
70
77
35
3
6
47
17
25
38
92
85
18
71
50
75
4
7
39
9
97
94
92
2
64
9
71
93
57
51
8
55
9
70
73
95
93
25
39
42
10
65
52
24
87
47
44
11
34
95
43
89
28
72
89
76
79
13
9
47
66
68
81
12
13
8
52
7
89
22
93
4
91
84
67
80
45
9
65
5
96
74
9
41
98
87
60
16
75
22
51
11
36
83
40
81
12
54
19
7
86
44
52
13
17
69
40
38
28
75
48
28
85
65
24
