17
72
36
92
0
46
45
81
96
89
51
43
4
61
5
57
24
77
6
32
34
10
51
76
63
25
91
76
88
55
40
41
63
8
34
97
12
29
60
36
7
60
41
84
21
61
13
98
31
15
2
78
27
86
61
86
28
17
66
38
49
32
8
32
16
80
56
61
12
86
52
67
22
2
84
5
60
48
3
53
43
37
38
44
59
49
72
97
1
0
21
32
18
66
19
65
29
60
84
10
95
24
36
28
70
23
19
30
71
50
45
39
41
76
5
98
94
41
72
91
27
34
79
91
38
15
78
53
8
94
51
73
38
96
27
86
12
51
50
22
35
28
36
96
8
22
7
10
24
35
97
78
27
73
81
14
21
44
54
63
53
21
29
9
83
15
96
72
62
57
29
87
86
85
17
6
89
78
34
74
51
46
55
29
4
30
54
76
8
28
99
38
98
24
77
23
69
59
81
88
43
44
25
79
18
63
62
45
91
5
72
24
22
43
65
81
19
35
43
56
96
5
59
22
70
28
89
51
13
9
47
12
46
50
75
57
76
32
23
52
66
48
89
87
47
41
37
5
52
33
3
17
18
26
54
31
31
44
21
3
80
64
70
96
81
91
65
6
32
45
13
15
99
80
21
80
38
69
92
32
62
92
90
5
73
6
68
6
82
63
2
92
91
69
0
17
74
6
9
67
52
15
96
8
31
50
40
48
22
58
62
58
82
42
25
36
0
63
40
26
73
56
38
14
51
42
43
96
53
35
75
28
16
61
61
66
69
9
7
20
84
30
49
88
45
37
58
40
68
73
3
25
46
82
9
51
6
48
59
12
70
63
29
67
10
95
18
54
6
40
6
74
90
44
6
35
64
13
96
95
74
19
75
19
98
27
64
21
15
82
85
40
0
9
90
78
87
80
65
36
64
21
33
83
1
72
72
36
65
84
4
98
28
56
97
97
73
51
91
1
53
99
7
47
25
79
35
46
26
12
38
56
16
51
38
92
38
75
1
34
82
24
46
22
42
6
62
6
4
89
97
99
45
8
66
41
77
40
53
57
46
58
92
63
10
58
34
93
71
28
58
28
77
97
98
57
62
83
3
1
22
13
73
75
88
2
23
91
30
9
72
31
23
51
2
99
86
52
56
46
64
62
37
93
91
3
48
42
81
59
98
27
39
72
88
99
46
45
7
76
32
98
63
21
38
49
96
10
68
19
14
57
44
68
7
72
71
9
69
44
46
34
82
99
43
50
53
47
91
9
35
32
52
16
4
21
96
89
8
37
70
56
54
89
71
70
87
97
85
7
15
35
42
35
90
47
73
39
86
53
11
96
91
29
97
18
89
25
92
86
20
50
70
33
93
35
57
25
13
28
25
22
13
98
18
90
83
69
9
99
55
90
92
35
93
23
62
47
8
81
30
46
41
41
51
96
66
98
68
25
97
27
33
17
82
30
36
40
94
19
99
14
29
73
12
13
71
86
98
57
10
24
63
89
2
27
5
20
29
57
38
94
95
10
84
18
39
43
53
43
99
43
29
29
76
15
83
16
6
16
9
13
81
64
69
34
99
72
87
58
37
74
3
71
6
81
53
25
36
8
92
16
14
31
6
84
61
63
53
47
49
94
98
96
49
23
42
62
13
60
98
79
2
24
95
8
38
64
56
26
30
35
52
81
41
44
7
41
55
63
50
74
5
36
27
12
32
5
51
23
97
69
92
95
66
5
25
31
75
83
59
40
69
47
98
18
79
59
57
55
10
97
50
74
44
70
76
44
57
32
46
82
86
98
41
44
47
2
80
39
26
39
34
52
63
10
12
46
40
90
99
39
50
14
80
60
2
91
31
87
7
41
70
31
51
74
32
38
71
57
73
91
4
82
32
56
75
16
20
74
66
10
0
49
65
9
19
91
13
65
63
40
10
67
35
47
83
13
49
68
54
39
52
69
54
96
31
31
80
19
59
65
43
83
46
22
79
13
27
65
10
1
31
4
74
81
32
86
20
67
28
87
77
13
1
96
50
67
56
35
61
75
13
92
96
3
29
96
6
85
6
69
51
51
71
31
34
72
2
39
30
82
96
84
65
71
45
72
26
96
52
74
86
94
7
14
77
8
24
47
13
84
75
97
90
98
15
26
85
5
86
38
40
71
18
46
56
82
11
99
89
47
38
80
91
23
15
69
0
90
98
77
82
50
13
47
22
17
33
85
4
55
85
85
91
13
73
72
17
27
94
5
3
3
55
33
84
5
37
62
24
3
4
54
9
34
76
14
8
89
