88
78
30
49
68
93
31
74
82
35
93
3
5
38
54
51
53
30
18
86
33
39
94
80
56
95
35
80
98
30
34
49
89
0
29
17
0
31
78
32
57
85
82
87
74
40
99
21
45
14
23
76
62
9
13
99
98
12
97
51
80
29
71
96
98
29
88
68
3
51
47
2
79
38
25
18
4
48
92
9
68
93
40
41
7
30
25
26
69
92
55
95
22
93
49
43
79
20
32
87
4
18
56
46
88
1
38
52
2
78
65
67
58
21
63
71
42
33
85
43
98
23
94
25
72
22
40
51
13
68
89
23
26
27
30
15
41
13
74
62
28
72
84
41
45
31
65
14
6
11
47
46
3
90
72
98
75
20
60
61
22
83
32
71
8
46
46
46
78
13
70
44
45
63
79
16
42
9
45
22
45
54
68
66
4
35
96
65
23
75
28
42
72
63
92
85
22
22
0
4
25
21
60
17
15
21
24
26
94
57
59
80
71
72
93
62
6
61
83
89
46
88
26
29
50
61
73
30
59
6
32
56
20
20
1
3
67
64
55
2
73
52
55
72
61
78
59
55
53
14
67
32
96
96
49
98
74
40
74
82
68
54
14
44
60
57
43
98
5
73
39
47
14
85
4
28
10
20
99
57
71
79
38
0
96
25
45
36
97
78
29
66
91
70
80
79
0
94
62
99
83
41
21
50
92
99
38
46
30
67
58
39
43
90
48
94
43
39
63
40
64
18
61
55
86
54
45
32
73
28
62
29
93
39
24
10
88
18
42
75
62
57
28
70
23
10
4
98
45
19
32
72
49
63
21
35
74
46
42
59
91
97
57
72
78
1
23
87
61
7
84
65
46
75
88
21
90
64
31
36
92
44
0
17
32
36
66
22
52
17
71
22
12
52
34
79
11
44
34
70
50
75
46
47
58
99
88
96
91
32
59
97
24
85
85
94
71
60
99
27
18
5
45
62
95
92
19
57
57
22
24
26
38
73
64
71
58
42
38
31
86
42
14
98
36
13
99
31
6
60
40
70
19
50
45
94
76
9
45
90
44
89
42
14
39
35
86
49
35
43
37
7
42
37
35
77
15
58
3
10
13
37
93
82
90
70
44
79
50
3
73
15
21
94
57
20
95
16
57
62
36
6
77
63
91
5
15
57
55
39
11
61
10
42
87
20
62
59
68
72
52
16
57
48
60
22
46
75
26
60
23
21
87
57
94
81
7
13
88
5
86
71
23
54
19
92
73
48
47
28
87
1
19
56
26
26
92
96
49
18
5
98
49
34
94
39
71
23
5
88
60
30
8
78
97
85
11
94
5
48
46
7
68
71
19
86
54
33
85
95
61
8
39
61
55
28
21
49
65
50
54
61
23
61
56
74
1
96
72
11
15
8
93
85
59
67
43
33
90
9
27
14
40
97
72
76
3
44
73
37
68
71
79
9
1
65
47
2
89
27
8
56
3
20
53
79
25
47
65
43
68
31
83
99
78
28
26
89
3
20
54
70
69
89
99
64
26
49
39
20
73
87
40
58
38
67
19
44
45
59
83
47
33
80
24
2
79
11
51
90
60
82
3
84
24
19
78
53
25
58
38
42
54
43
39
43
86
46
43
73
75
99
18
88
35
3
95
27
50
73
77
25
53
63
79
39
22
97
75
10
45
45
42
90
65
38
5
93
34
82
37
39
33
31
76
48
4
94
43
99
79
70
6
34
47
12
31
89
43
95
90
12
78
77
33
2
69
97
16
52
8
51
22
59
92
1
16
25
89
9
94
95
63
89
58
68
8
40
99
91
3
15
58
99
83
16
80
75
89
72
24
52
32
47
22
51
58
4
24
4
48
29
68
0
75
80
40
11
86
85
79
1
21
41
69
50
29
39
57
14
20
69
67
49
68
81
14
76
30
71
77
72
33
84
61
78
32
24
98
46
16
16
84
53
77
14
24
75
15
23
36
62
49
84
75
94
33
70
56
24
32
16
13
33
38
55
18
97
10
95
55
86
97
87
91
71
78
73
40
17
57
35
36
50
55
10
86
23
72
71
62
23
91
40
74
86
11
5
5
49
95
29
53
48
55
68
9
79
95
33
14
79
65
78
49
46
28
68
89
56
87
76
26
35
17
32
24
43
18
80
1
27
86
7
86
30
83
11
66
13
80
77
73
20
79
30
85
79
94
12
63
76
1
65
65
72
91
30
96
53
25
7
83
7
66
39
34
90
48
45
65
14
29
23
10
36
65
54
19
32
33
28
42
8
72
26
14
85
26
70
